t 0 6 20
0 37 1 1 
1 37 4 0 2 4 5 
2 19 4 1 3 4 5 
3 19 3 2 4 5 
4 19 4 1 2 3 5 
5 19 4 1 2 3 4 
t 1 6 28
0 9 4 1 2 4 5 
1 13 5 0 2 3 4 5 
2 13 5 0 1 3 4 5 
3 22 4 1 2 4 5 
4 13 5 0 1 2 3 5 
5 9 5 0 1 2 3 4 
t 2 6 20
0 4 1 1 
1 36 5 0 2 3 4 5 
2 26 3 1 3 4 
3 4 4 1 2 4 5 
4 36 4 1 2 3 5 
5 26 3 1 3 4 
t 3 6 20
0 4 1 1 
1 21 4 0 2 3 4 
2 46 4 1 3 4 5 
3 4 4 1 2 4 5 
4 4 4 1 2 3 5 
5 36 3 2 3 4 
t 4 6 20
0 3 2 1 5 
1 21 5 0 2 3 4 5 
2 21 2 1 3 
3 21 4 1 2 4 5 
4 3 3 1 3 5 
5 3 4 0 1 3 4 
t 5 6 28
0 4 4 1 2 3 5 
1 21 5 0 2 3 4 5 
2 21 5 0 1 3 4 5 
3 36 5 0 1 2 4 5 
4 21 4 1 2 3 5 
5 4 5 0 1 2 3 4 
t 6 6 22
0 36 2 1 5 
1 36 5 0 2 3 4 5 
2 37 3 1 3 5 
3 37 4 1 2 4 5 
4 37 3 1 3 5 
5 36 5 0 1 2 3 4 
t 7 6 20
0 54 4 1 2 3 4 
1 4 2 0 2 
2 4 5 0 1 3 4 5 
3 4 3 0 2 4 
4 4 4 0 2 3 5 
5 4 2 2 4 
t 8 6 20
0 10 3 1 3 5 
1 2 4 0 2 3 5 
2 10 3 1 3 5 
3 9 4 0 1 2 4 
4 10 2 3 5 
5 9 4 0 1 2 4 
t 9 6 22
0 21 1 1 
1 21 5 0 2 3 4 5 
2 13 4 1 3 4 5 
3 3 4 1 2 4 5 
4 22 4 1 2 3 5 
5 9 4 1 2 3 4 
t 10 6 20
0 3 3 1 2 5 
1 3 4 0 2 3 5 
2 3 4 0 1 3 4 
3 3 3 1 2 5 
4 3 2 2 5 
5 3 4 0 1 3 4 
t 11 6 22
0 36 5 1 2 3 4 5 
1 4 3 0 2 3 
2 4 3 0 1 3 
3 36 5 0 1 2 4 5 
4 36 3 0 3 5 
5 36 3 0 3 4 
t 12 6 22
0 11 3 1 2 4 
1 11 4 0 2 3 4 
2 4 4 0 1 3 4 
3 11 4 1 2 4 5 
4 11 5 0 1 2 3 5 
5 4 2 3 4 
t 13 6 22
0 4 4 1 2 4 5 
1 4 4 0 2 3 5 
2 4 4 0 1 3 4 
3 36 3 1 2 4 
4 4 4 0 2 3 5 
5 19 3 0 1 4 
t 14 6 22
0 3 3 1 3 5 
1 2 5 0 2 3 4 5 
2 3 3 1 3 5 
3 2 4 0 1 2 4 
4 3 3 1 3 5 
5 2 4 0 1 2 4 
t 15 6 20
0 3 4 1 3 4 5 
1 2 2 0 2 
2 3 4 1 3 4 5 
3 2 3 0 2 4 
4 2 4 0 2 3 5 
5 2 3 0 2 4 
t 16 6 28
0 2 5 1 2 3 4 5 
1 2 5 0 2 3 4 5 
2 3 4 0 1 3 5 
3 2 5 0 1 2 4 5 
4 3 4 0 1 3 5 
5 2 5 0 1 2 3 4 
t 17 6 24
0 0 4 1 2 4 5 
1 0 5 0 2 3 4 5 
2 1 4 0 1 3 5 
3 1 3 1 2 4 
4 0 4 0 1 3 5 
5 1 4 0 1 2 4 
t 18 6 28
0 42 4 1 2 3 4 
1 42 5 0 2 3 4 5 
2 42 5 0 1 3 4 5 
3 42 5 0 1 2 4 5 
4 42 5 0 1 2 3 5 
5 4 4 1 2 3 4 
t 19 6 28
0 33 5 1 2 3 4 5 
1 33 5 0 2 3 4 5 
2 33 5 0 1 3 4 5 
3 37 4 0 1 2 4 
4 33 5 0 1 2 3 5 
5 4 4 0 1 2 4 
t 20 6 20
0 13 1 1 
1 22 5 0 2 3 4 5 
2 13 4 1 3 4 5 
3 13 3 1 2 4 
4 9 4 1 2 3 5 
5 3 3 1 2 4 
t 21 6 30
0 21 5 1 2 3 4 5 
1 21 5 0 2 3 4 5 
2 21 5 0 1 3 4 5 
3 21 5 0 1 2 4 5 
4 21 5 0 1 2 3 5 
5 21 5 0 1 2 3 4 
t 22 6 26
0 13 4 1 3 4 5 
1 3 5 0 2 3 4 5 
2 13 4 1 3 4 5 
3 9 4 0 1 2 4 
4 13 5 0 1 2 3 5 
5 13 4 0 1 2 4 
t 23 6 20
0 13 1 1 
1 13 5 0 2 3 4 5 
2 13 3 1 3 4 
3 3 4 1 2 4 5 
4 13 4 1 2 3 5 
5 13 3 1 3 4 
t 24 6 22
0 13 3 1 3 5 
1 13 4 0 2 3 4 
2 13 3 1 3 5 
3 13 5 0 1 2 4 5 
4 13 3 1 3 5 
5 13 4 0 2 3 4 
t 25 6 20
0 54 1 1 
1 54 5 0 2 3 4 5 
2 13 4 1 3 4 5 
3 13 3 1 2 4 
4 21 4 1 2 3 5 
5 9 3 1 2 4 
t 26 6 20
0 4 4 1 2 3 4 
1 4 3 0 4 5 
2 4 3 0 3 4 
3 4 3 0 2 4 
4 4 5 0 1 2 3 5 
5 4 2 1 4 
t 27 6 20
0 2 3 1 3 4 
1 3 4 0 2 4 5 
2 2 2 1 3 
3 3 4 0 2 4 5 
4 2 4 0 1 3 5 
5 2 3 1 3 4 
t 28 6 24
0 3 3 1 2 5 
1 3 4 0 2 4 5 
2 3 5 0 1 3 4 5 
3 3 3 2 4 5 
4 3 4 1 2 3 5 
5 3 5 0 1 2 3 4 
t 29 6 22
0 9 4 1 3 4 5 
1 9 3 0 2 4 
2 22 3 1 3 5 
3 13 4 0 2 4 5 
4 13 4 0 1 3 5 
5 13 4 0 2 3 4 
t 30 6 28
0 3 5 1 2 3 4 5 
1 13 4 0 2 3 5 
2 42 5 0 1 3 4 5 
3 13 5 0 1 2 4 5 
4 9 4 0 2 3 5 
5 2 5 0 1 2 3 4 
t 31 6 26
0 42 4 1 2 4 5 
1 42 4 0 2 4 5 
2 42 5 0 1 3 4 5 
3 42 3 2 4 5 
4 42 5 0 1 2 3 5 
5 42 5 0 1 2 3 4 
t 32 6 22
0 13 4 1 2 3 4 
1 13 4 0 2 3 4 
2 13 4 0 1 3 4 
3 13 4 0 1 2 4 
4 42 5 0 1 2 3 5 
5 9 1 4 
t 33 6 20
0 18 1 1 
1 2 5 0 2 3 4 5 
2 13 4 1 3 4 5 
3 31 3 1 2 4 
4 13 4 1 2 3 5 
5 13 3 1 2 4 
t 34 6 20
0 26 1 1 
1 3 5 0 2 3 4 5 
2 3 3 1 3 5 
3 3 4 1 2 4 5 
4 3 3 1 3 5 
5 3 4 1 2 3 4 
t 35 6 22
0 10 2 1 5 
1 9 5 0 2 3 4 5 
2 10 3 1 3 5 
3 9 4 1 2 4 5 
4 10 3 1 3 5 
5 9 5 0 1 2 3 4 
t 36 6 20
0 11 3 1 3 5 
1 11 4 0 2 3 5 
2 4 2 1 3 
3 11 5 0 1 2 4 5 
4 11 2 3 5 
5 4 4 0 1 3 4 
t 37 6 20
0 10 3 1 3 5 
1 9 4 0 2 3 4 
2 10 3 1 3 5 
3 9 4 0 1 2 4 
4 10 3 1 3 5 
5 2 3 0 2 4 
t 38 6 22
0 10 3 1 3 5 
1 9 5 0 2 3 4 5 
2 10 2 1 3 
3 9 5 0 1 2 4 5 
4 10 3 1 3 5 
5 9 4 0 1 3 4 
t 39 6 22
0 13 1 1 
1 13 5 0 2 3 4 5 
2 13 4 1 3 4 5 
3 9 4 1 2 4 5 
4 31 4 1 2 3 5 
5 13 4 1 2 3 4 
t 40 6 20
0 3 3 1 3 4 
1 3 4 0 2 3 5 
2 33 3 1 4 5 
3 3 3 0 1 4 
4 3 4 0 2 3 5 
5 33 3 1 2 4 
t 41 6 28
0 19 5 1 2 3 4 5 
1 19 4 0 2 3 4 
2 19 5 0 1 3 4 5 
3 19 5 0 1 2 4 5 
4 19 5 0 1 2 3 5 
5 19 4 0 2 3 4 
t 42 6 20
0 3 2 1 5 
1 2 4 0 2 3 4 
2 3 3 1 3 5 
3 2 4 1 2 4 5 
4 3 3 1 3 5 
5 2 4 0 2 3 4 
t 43 6 28
0 3 4 1 2 3 5 
1 33 5 0 2 3 4 5 
2 3 5 0 1 3 4 5 
3 3 5 0 1 2 4 5 
4 3 4 1 2 3 5 
5 3 5 0 1 2 3 4 
t 44 6 24
0 3 3 1 2 4 
1 2 5 0 2 3 4 5 
2 2 5 0 1 3 4 5 
3 3 3 1 2 4 
4 2 5 0 1 2 3 5 
5 3 3 1 2 4 
t 45 6 20
0 15 2 1 2 
1 4 3 0 2 5 
2 11 5 0 1 3 4 5 
3 4 3 2 4 5 
4 4 3 2 3 5 
5 19 4 1 2 3 4 
t 46 6 22
0 9 2 1 4 
1 13 5 0 2 3 4 5 
2 13 3 1 3 4 
3 13 4 1 2 4 5 
4 13 5 0 1 2 3 5 
5 3 3 1 3 4 
t 47 6 22
0 4 4 1 3 4 5 
1 13 5 0 2 3 4 5 
2 9 2 1 3 
3 13 4 0 1 2 4 
4 3 4 0 1 3 5 
5 5 3 0 1 4 
t 48 6 28
0 9 5 1 2 3 4 5 
1 9 5 0 2 3 4 5 
2 13 5 0 1 3 4 5 
3 13 4 0 1 2 4 
4 13 5 0 1 2 3 5 
5 13 4 0 1 2 4 
t 49 6 24
0 21 5 1 2 3 4 5 
1 33 4 0 2 4 5 
2 33 4 0 1 3 5 
3 33 3 0 2 4 
4 21 4 0 1 3 5 
5 33 4 0 1 2 4 
t 50 6 26
0 33 4 1 2 3 5 
1 33 4 0 2 3 4 
2 33 5 0 1 3 4 5 
3 33 5 0 1 2 4 5 
4 33 4 1 2 3 5 
5 21 4 0 2 3 4 
t 51 6 20
0 21 4 1 2 3 5 
1 54 3 0 2 4 
2 21 4 0 1 3 5 
3 54 3 0 2 4 
4 21 3 1 3 5 
5 54 3 0 2 4 
t 52 6 26
0 3 4 1 3 4 5 
1 1 4 0 2 3 5 
2 1 4 1 3 4 5 
3 3 5 0 1 2 4 5 
4 33 4 0 2 3 5 
5 1 5 0 1 2 3 4 
t 53 6 28
0 1 4 1 2 3 5 
1 1 5 0 2 3 4 5 
2 1 5 0 1 3 4 5 
3 0 5 0 1 2 4 5 
4 0 4 1 2 3 5 
5 1 5 0 1 2 3 4 
t 54 6 22
0 3 3 1 2 3 
1 3 4 0 2 3 5 
2 3 5 0 1 3 4 5 
3 3 4 0 1 2 4 
4 3 3 2 3 5 
5 3 3 1 2 4 
t 55 6 22
0 42 3 1 3 5 
1 42 5 0 2 3 4 5 
2 42 2 1 3 
3 42 5 0 1 2 4 5 
4 33 3 1 3 5 
5 42 4 0 1 3 4 
t 56 6 20
0 3 4 1 2 3 5 
1 33 4 0 2 3 5 
2 3 4 0 1 3 5 
3 33 4 0 1 2 4 
4 33 1 3 
5 33 3 0 1 2 
t 57 6 20
0 21 3 1 2 4 
1 33 4 0 2 4 5 
2 33 4 0 1 3 4 
3 33 2 2 4 
4 33 5 0 1 2 3 5 
5 33 2 1 4 
t 58 6 30
0 36 5 1 2 3 4 5 
1 36 5 0 2 3 4 5 
2 36 5 0 1 3 4 5 
3 36 5 0 1 2 4 5 
4 36 5 0 1 2 3 5 
5 36 5 0 1 2 3 4 
t 59 6 24
0 26 4 1 2 3 5 
1 33 4 0 2 4 5 
2 33 4 0 1 3 5 
3 33 4 0 2 4 5 
4 33 3 1 3 5 
5 33 5 0 1 2 3 4 
t 60 6 26
0 5 4 1 2 3 4 
1 5 5 0 2 3 4 5 
2 5 4 0 1 3 5 
3 37 5 0 1 2 4 5 
4 5 4 0 1 3 5 
5 5 4 1 2 3 4 
t 61 6 24
0 19 4 1 3 4 5 
1 19 4 0 2 3 5 
2 19 3 1 3 4 
3 19 5 0 1 2 4 5 
4 19 4 0 2 3 5 
5 19 4 0 1 3 4 
t 62 6 22
0 11 5 1 2 3 4 5 
1 4 3 0 2 5 
2 4 4 0 1 3 5 
3 11 3 0 2 4 
4 4 3 0 3 5 
5 11 4 0 1 2 4 
t 63 6 20
0 0 1 1 
1 4 5 0 2 3 4 5 
2 26 4 1 3 4 5 
3 4 3 1 2 4 
4 4 4 1 2 3 5 
5 36 3 1 2 4 
t 64 6 24
0 13 3 1 3 5 
1 13 5 0 2 3 4 5 
2 13 3 1 3 5 
3 13 5 0 1 2 4 5 
4 13 3 1 3 5 
5 13 5 0 1 2 3 4 
t 65 6 24
0 2 4 1 2 4 5 
1 33 3 0 2 4 
2 33 5 0 1 3 4 5 
3 21 3 2 4 5 
4 33 5 0 1 2 3 5 
5 33 4 0 2 3 4 
t 66 6 22
0 33 3 1 3 4 
1 42 5 0 2 3 4 5 
2 42 3 1 3 4 
3 42 4 0 1 2 4 
4 42 5 0 1 2 3 5 
5 21 2 1 4 
t 67 6 20
0 36 2 1 2 
1 36 3 0 2 3 
2 36 5 0 1 3 4 5 
3 36 4 1 2 4 5 
4 36 3 2 3 5 
5 36 3 2 3 4 
t 68 6 24
0 21 4 1 2 3 5 
1 33 4 0 2 3 5 
2 33 5 0 1 3 4 5 
3 33 4 0 1 2 4 
4 21 3 2 3 5 
5 33 4 0 1 2 4 
t 69 6 22
0 46 3 1 2 5 
1 46 3 0 2 5 
2 36 5 0 1 3 4 5 
3 46 3 2 4 5 
4 4 3 2 3 5 
5 36 5 0 1 2 3 4 
t 70 6 22
0 10 3 1 3 5 
1 9 5 0 2 3 4 5 
2 10 2 1 3 
3 9 5 0 1 2 4 5 
4 10 3 1 3 5 
5 9 4 0 1 3 4 
t 71 6 20
0 42 2 1 4 
1 42 5 0 2 3 4 5 
2 42 2 1 4 
3 42 3 1 4 5 
4 42 5 0 1 2 3 5 
5 42 3 1 3 4 
t 72 6 20
0 33 4 1 2 3 4 
1 33 2 0 2 
2 33 5 0 1 3 4 5 
3 33 3 0 2 4 
4 21 4 0 2 3 5 
5 33 2 2 4 
t 73 6 30
0 4 5 1 2 3 4 5 
1 4 5 0 2 3 4 5 
2 4 5 0 1 3 4 5 
3 4 5 0 1 2 4 5 
4 4 5 0 1 2 3 5 
5 4 5 0 1 2 3 4 
t 74 6 30
0 21 5 1 2 3 4 5 
1 4 5 0 2 3 4 5 
2 4 5 0 1 3 4 5 
3 4 5 0 1 2 4 5 
4 21 5 0 1 2 3 5 
5 4 5 0 1 2 3 4 
t 75 6 30
0 42 5 1 2 3 4 5 
1 42 5 0 2 3 4 5 
2 42 5 0 1 3 4 5 
3 33 5 0 1 2 4 5 
4 42 5 0 1 2 3 5 
5 42 5 0 1 2 3 4 
t 76 6 22
0 33 1 1 
1 42 5 0 2 3 4 5 
2 42 4 1 3 4 5 
3 42 4 1 2 4 5 
4 42 4 1 2 3 5 
5 42 4 1 2 3 4 
t 77 6 24
0 33 4 1 2 3 5 
1 33 4 0 2 3 4 
2 31 5 0 1 3 4 5 
3 40 4 0 1 2 4 
4 31 4 1 2 3 5 
5 33 3 0 2 4 
t 78 6 26
0 33 3 1 2 3 
1 33 5 0 2 3 4 5 
2 33 5 0 1 3 4 5 
3 33 5 0 1 2 4 5 
4 33 4 1 2 3 5 
5 21 4 1 2 3 4 
t 79 6 30
0 4 5 1 2 3 4 5 
1 4 5 0 2 3 4 5 
2 4 5 0 1 3 4 5 
3 36 5 0 1 2 4 5 
4 4 5 0 1 2 3 5 
5 36 5 0 1 2 3 4 
t 80 6 20
0 10 2 1 3 
1 9 5 0 2 3 4 5 
2 10 2 1 3 
3 9 5 0 1 2 4 5 
4 10 3 1 3 5 
5 9 3 1 3 4 
t 81 6 26
0 19 5 1 2 3 4 5 
1 19 4 0 2 3 4 
2 37 5 0 1 3 4 5 
3 21 4 0 1 2 4 
4 46 5 0 1 2 3 5 
5 19 3 0 2 4 
t 82 6 20
0 42 4 1 2 3 5 
1 42 2 0 2 
2 42 5 0 1 3 4 5 
3 42 4 0 2 4 5 
4 42 2 2 3 
5 42 3 0 2 3 
t 83 6 20
0 31 1 1 
1 54 5 0 2 3 4 5 
2 13 3 1 3 4 
3 3 4 1 2 4 5 
4 13 4 1 2 3 5 
5 13 3 1 3 4 
t 84 6 20
0 2 3 1 2 4 
1 3 4 0 2 4 5 
2 2 4 0 1 3 4 
3 2 2 2 4 
4 3 5 0 1 2 3 5 
5 3 2 1 4 
t 85 6 20
0 33 4 1 2 3 5 
1 21 3 0 2 5 
2 21 3 0 1 3 
3 33 4 0 2 4 5 
4 33 2 3 5 
5 33 4 0 1 3 4 
t 86 6 24
0 83 3 1 3 4 
1 83 5 0 2 3 4 5 
2 83 3 1 3 4 
3 83 5 0 1 2 4 5 
4 83 5 0 1 2 3 5 
5 33 3 1 3 4 
t 87 6 20
0 4 3 1 2 4 
1 21 4 0 2 3 4 
2 4 4 0 1 3 4 
3 4 3 1 2 4 
4 36 5 0 1 2 3 5 
5 46 1 4 
t 88 6 22
0 33 5 1 2 3 4 5 
1 4 3 0 2 4 
2 33 4 0 1 3 4 
3 33 3 0 2 4 
4 33 5 0 1 2 3 5 
5 33 2 0 4 
t 89 6 22
0 54 3 1 2 3 
1 9 3 0 2 3 
2 4 5 0 1 3 4 5 
3 9 5 0 1 2 4 5 
4 13 3 2 3 5 
5 9 3 2 3 4 
t 90 6 22
0 3 3 1 3 4 
1 3 5 0 2 3 4 5 
2 3 2 1 3 
3 3 5 0 1 2 4 5 
4 3 4 0 1 3 5 
5 3 3 1 3 4 
t 91 6 22
0 54 3 1 3 5 
1 21 5 0 2 3 4 5 
2 31 3 1 3 5 
3 21 4 0 1 2 4 
4 54 3 1 3 5 
5 21 4 0 1 2 4 
t 92 6 26
0 21 5 1 2 3 4 5 
1 21 4 0 2 3 5 
2 21 5 0 1 3 4 5 
3 21 4 0 1 2 5 
4 21 3 0 2 5 
5 21 5 0 1 2 3 4 
t 93 6 20
0 21 3 1 2 4 
1 4 4 0 2 3 4 
2 4 4 0 1 3 4 
3 21 3 1 2 4 
4 21 5 0 1 2 3 5 
5 4 1 4 
t 94 6 20
0 7 2 1 5 
1 7 5 0 2 3 4 5 
2 33 2 1 3 
3 33 4 1 2 4 5 
4 24 3 1 3 5 
5 7 4 0 1 3 4 
t 95 6 20
0 31 3 1 2 4 
1 21 4 0 2 3 4 
2 21 4 0 1 3 4 
3 54 3 1 2 4 
4 21 5 0 1 2 3 5 
5 54 1 4 
t 96 6 22
0 13 1 1 
1 13 5 0 2 3 4 5 
2 13 4 1 3 4 5 
3 9 4 1 2 4 5 
4 3 4 1 2 3 5 
5 13 4 1 2 3 4 
t 97 6 22
0 3 3 1 3 5 
1 2 4 0 2 4 5 
2 3 3 1 3 5 
3 2 4 0 2 4 5 
4 3 3 1 3 5 
5 2 5 0 1 2 3 4 
t 98 6 20
0 3 3 1 2 3 
1 3 3 0 2 3 
2 33 5 0 1 3 4 5 
3 33 4 0 1 2 4 
4 3 3 2 3 5 
5 3 2 2 4 
t 99 6 24
0 42 3 1 3 5 
1 42 5 0 2 3 4 5 
2 42 3 1 3 5 
3 42 5 0 1 2 4 5 
4 42 3 1 3 5 
5 18 5 0 1 2 3 4 
