t 0 50 156
0 6 1 1 
1 6 5 0 2 3 6 11 
2 6 2 1 6 
3 6 3 1 4 6 
4 15 2 3 5 
5 112 2 4 11 
6 6 6 1 2 3 7 9 14 
7 15 2 6 8 
8 6 3 7 9 14 
9 6 6 6 8 10 14 16 40 
10 15 4 9 11 21 23 
11 22 7 1 5 10 12 24 32 33 
12 62 2 11 13 
13 15 2 12 14 
14 6 6 6 8 9 13 15 18 
15 6 2 14 16 
16 15 4 9 15 17 32 
17 20 2 16 18 
18 1 7 14 17 19 21 32 42 46 
19 20 2 18 20 
20 6 3 19 21 23 
21 63 5 10 18 20 22 24 
22 55 2 21 23 
23 15 5 10 20 22 24 31 
24 20 5 11 21 23 25 39 
25 112 2 24 26 
26 112 2 25 27 
27 24 2 26 28 
28 20 2 27 29 
29 42 2 28 30 
30 20 2 29 31 
31 1 3 23 30 32 
32 20 6 11 16 18 31 33 42 
33 1 4 11 32 34 46 
34 6 2 33 35 
35 15 3 34 36 37 
36 20 2 35 37 
37 8 3 35 36 38 
38 6 3 37 39 41 
39 20 3 24 38 40 
40 20 2 9 39 
41 20 2 38 42 
42 5 4 18 32 41 43 
43 20 2 42 44 
44 10 2 43 45 
45 55 2 44 46 
46 15 4 18 33 45 47 
47 22 3 46 48 49 
48 15 2 47 49 
49 15 2 47 48 
t 1 50 158
0 6 2 1 2 
1 37 1 0 
2 1 3 0 3 4 
3 8 1 2 
4 170 4 2 5 32 33 
5 32 5 4 6 32 39 43 
6 6 5 5 7 8 33 34 
7 45 1 6 
8 55 3 6 9 10 
9 55 1 8 
10 20 2 8 11 
11 1 6 10 12 26 30 36 49 
12 15 4 11 13 14 26 
13 16 1 12 
14 1 3 12 15 31 
15 15 2 14 16 
16 20 4 15 17 31 44 
17 23 2 16 18 
18 20 9 17 19 20 21 22 23 24 25 30 
19 8 1 18 
20 1 1 18 
21 10 1 18 
22 1 1 18 
23 8 1 18 
24 14 1 18 
25 37 2 18 26 
26 6 4 11 12 25 27 
27 72 5 26 28 34 36 49 
28 34 2 27 29 
29 15 5 28 30 36 37 49 
30 22 4 11 18 29 31 
31 6 6 14 16 30 32 42 43 
32 15 5 4 5 31 33 34 
33 23 4 4 6 32 42 
34 6 5 6 27 32 35 43 
35 20 2 34 36 
36 15 6 11 27 29 35 37 45 
37 15 4 29 36 38 44 
38 6 2 37 39 
39 32 4 5 38 40 41 
40 20 1 39 
41 6 2 39 42 
42 6 4 31 33 41 43 
43 20 5 5 31 34 42 44 
44 15 5 16 37 43 45 49 
45 15 5 36 44 46 48 49 
46 20 3 45 47 48 
47 1 1 46 
48 15 2 45 46 
49 1 5 11 27 29 44 45 
t 2 50 156
0 15 1 1 
1 15 3 0 2 4 
2 15 2 1 3 
3 15 1 2 
4 15 2 1 5 
5 15 3 4 6 8 
6 55 2 5 7 
7 6 1 6 
8 15 2 5 9 
9 1 3 8 10 15 
10 63 4 9 11 12 27 
11 6 1 10 
12 55 2 10 13 
13 5 4 12 14 23 31 
14 1 2 13 15 
15 22 5 9 14 16 23 31 
16 22 2 15 17 
17 22 2 16 18 
18 57 6 17 19 20 22 31 44 
19 20 6 18 20 27 41 42 45 
20 15 3 18 19 21 
21 15 2 20 22 
22 15 3 18 21 23 
23 1 5 13 15 22 24 33 
24 20 2 23 25 
25 55 2 24 26 
26 20 3 25 27 31 
27 20 4 10 19 26 28 
28 1 3 27 29 31 
29 55 4 28 30 32 33 
30 23 2 29 31 
31 55 7 13 15 18 26 28 30 32 
32 8 2 29 31 
33 20 3 23 29 34 
34 15 4 33 35 36 38 
35 15 1 34 
36 15 3 34 37 39 
37 15 6 36 38 39 40 41 42 
38 15 4 34 37 39 41 
39 15 6 36 37 38 40 41 42 
40 15 3 37 39 41 
41 15 7 19 37 38 39 40 42 46 
42 15 5 19 37 39 41 43 
43 20 2 42 44 
44 15 3 18 43 45 
45 15 3 19 44 46 
46 22 4 41 45 47 48 
47 15 2 46 48 
48 6 3 46 47 49 
49 55 1 48 
t 3 50 168
0 0 1 1 
1 20 4 0 2 22 27 
2 20 2 1 3 
3 5 5 2 4 7 9 22 
4 55 3 3 5 23 
5 15 4 4 6 9 11 
6 20 4 5 7 23 26 
7 20 3 3 6 8 
8 63 2 7 9 
9 22 5 3 5 8 10 45 
10 55 4 9 11 31 36 
11 15 5 5 10 12 30 32 
12 20 3 11 13 22 
13 55 4 12 14 21 23 
14 15 5 13 15 16 22 29 
15 32 1 14 
16 15 2 14 17 
17 63 2 16 18 
18 17 2 17 19 
19 4 3 18 20 21 
20 20 2 19 21 
21 20 4 13 19 20 22 
22 55 7 1 3 12 14 21 23 30 
23 20 6 4 6 13 22 24 31 
24 15 2 23 25 
25 15 3 24 26 41 
26 15 5 6 25 27 31 34 
27 15 3 1 26 28 
28 20 2 27 29 
29 1 3 14 28 30 
30 20 4 11 22 29 31 
31 1 5 10 23 26 30 32 
32 22 6 11 31 33 34 36 41 
33 15 8 32 34 35 37 38 40 41 43 
34 15 4 26 32 33 35 
35 15 5 33 34 36 37 41 
36 15 3 10 32 35 
37 15 3 33 35 38 
38 22 3 33 37 39 
39 55 1 38 
40 15 2 33 41 
41 15 7 25 32 33 35 40 42 43 
42 15 1 41 
43 15 3 33 41 44 
44 23 2 43 45 
45 16 3 9 44 46 
46 15 3 45 47 49 
47 1 2 46 48 
48 1 1 47 
49 1 1 46 
t 4 50 222
0 16 1 1 
1 1 5 0 2 3 16 33 
2 16 1 1 
3 8 2 1 4 
4 22 3 3 5 31 
5 20 4 4 6 27 40 
6 20 3 5 7 15 
7 1 10 6 8 10 12 14 27 33 40 45 48 
8 20 5 7 9 11 15 17 
9 1 8 8 10 12 18 27 30 40 45 
10 20 6 7 9 11 15 17 26 
11 1 10 8 10 12 18 27 30 39 40 41 45 
12 20 6 7 9 11 13 15 34 
13 55 2 12 14 
14 63 4 7 13 15 26 
15 1 14 6 8 10 12 14 16 18 27 30 33 39 40 45 48 
16 20 5 1 15 17 37 44 
17 55 10 8 10 16 18 27 30 33 40 45 48 
18 15 5 9 11 15 17 19 
19 1 2 18 20 
20 6 2 19 21 
21 15 2 20 22 
22 6 2 21 23 
23 29 3 22 24 25 
24 8 1 23 
25 15 2 23 26 
26 17 4 10 14 25 27 
27 20 13 5 7 9 11 15 17 26 28 29 30 37 44 46 
28 20 1 27 
29 15 3 27 30 40 
30 22 10 9 11 15 17 27 29 31 37 46 49 
31 15 3 4 30 32 
32 15 2 31 33 
33 20 6 1 7 15 17 32 34 
34 6 4 12 33 35 37 
35 20 3 34 36 37 
36 25 1 35 
37 20 10 16 27 30 34 35 38 39 40 42 48 
38 1 1 37 
39 17 3 11 15 37 
40 20 8 5 7 9 11 15 17 29 37 
41 20 2 11 42 
42 55 3 37 41 43 
43 22 2 42 44 
44 55 4 16 27 43 45 
45 15 7 7 9 11 15 17 44 46 
46 8 5 27 30 45 47 48 
47 8 1 46 
48 1 6 7 15 17 37 46 49 
49 15 2 30 48 
t 5 50 176
0 55 1 1 
1 20 3 0 2 44 
2 1 6 1 3 4 6 10 13 
3 20 5 2 4 6 7 8 
4 1 5 2 3 5 6 43 
5 23 1 4 
6 1 6 2 3 4 7 8 10 
7 1 3 3 6 8 
8 1 4 3 6 7 9 
9 24 1 8 
10 25 5 2 6 11 15 41 
11 55 3 10 12 26 
12 6 3 11 13 15 
13 16 6 2 12 14 26 44 49 
14 15 2 13 15 
15 1 9 10 12 14 16 18 26 32 48 49 
16 55 3 15 17 47 
17 4 2 16 18 
18 8 3 15 17 19 
19 55 6 18 20 22 24 44 49 
20 63 2 19 21 
21 6 3 20 24 36 
22 45 2 19 23 
23 55 3 22 24 49 
24 1 4 19 21 23 25 
25 1 2 24 26 
26 15 9 11 13 15 25 27 28 45 46 47 
27 32 1 26 
28 6 3 26 29 32 
29 17 2 28 30 
30 15 2 29 31 
31 15 5 30 32 33 34 35 
32 22 6 15 28 31 34 35 47 
33 22 3 31 34 36 
34 15 5 31 32 33 35 36 
35 15 4 31 32 34 36 
36 15 5 21 33 34 35 37 
37 15 2 36 38 
38 1 4 37 39 40 41 
39 15 1 38 
40 8 1 38 
41 10 3 10 38 42 
42 15 2 41 43 
43 55 3 4 42 44 
44 20 5 1 13 19 43 45 
45 15 2 26 44 
46 55 2 26 47 
47 15 6 16 26 32 46 48 49 
48 8 2 15 47 
49 22 5 13 15 19 23 47 
t 6 50 156
0 20 2 1 4 
1 16 2 0 2 
2 72 2 1 3 
3 17 1 2 
4 15 2 0 5 
5 55 7 4 6 9 19 29 39 43 
6 37 3 5 7 13 
7 82 2 6 8 
8 20 1 7 
9 15 3 5 10 49 
10 15 4 9 11 20 27 
11 16 3 10 12 45 
12 20 7 11 13 18 30 46 48 49 
13 55 6 6 12 14 19 32 39 
14 22 5 13 15 18 40 48 
15 24 2 14 16 
16 20 2 15 17 
17 85 1 16 
18 15 3 12 14 19 
19 23 6 5 13 18 20 42 46 
20 15 6 10 19 21 24 43 46 
21 15 3 20 22 23 
22 0 1 21 
23 15 1 21 
24 55 3 20 25 26 
25 8 1 24 
26 6 6 24 27 28 30 31 42 
27 23 2 10 26 
28 6 2 26 29 
29 15 5 5 28 30 31 42 
30 20 4 12 26 29 43 
31 55 3 26 29 32 
32 20 8 13 31 33 34 35 36 37 38 
33 10 1 32 
34 8 1 32 
35 14 1 32 
36 1 1 32 
37 8 1 32 
38 0 1 32 
39 15 3 5 13 40 
40 15 3 14 39 41 
41 37 3 40 42 48 
42 1 5 19 26 29 41 43 
43 20 7 5 20 30 42 44 46 48 
44 20 2 43 45 
45 20 3 11 44 46 
46 1 6 12 19 20 43 45 47 
47 74 2 46 48 
48 20 5 12 14 41 43 47 
49 55 2 9 12 
t 7 50 158
0 25 1 1 
1 15 4 0 2 5 12 
2 1 6 1 3 4 19 22 44 
3 1 1 2 
4 37 2 2 5 
5 1 7 1 4 6 13 19 30 44 
6 1 2 5 7 
7 1 2 6 8 
8 15 2 7 9 
9 4 3 8 10 25 
10 23 3 9 11 12 
11 15 2 10 16 
12 15 3 1 10 13 
13 55 5 5 12 14 31 43 
14 20 3 13 15 42 
15 20 3 14 16 43 
16 1 4 11 15 17 43 
17 15 3 16 18 19 
18 6 2 17 19 
19 20 7 2 5 17 18 20 21 42 
20 55 1 19 
21 20 2 19 22 
22 102 4 2 21 23 24 
23 22 1 22 
24 1 2 22 25 
25 15 4 9 24 26 43 
26 6 5 25 27 31 33 43 
27 6 2 26 28 
28 4 2 27 29 
29 15 2 28 30 
30 20 3 5 29 31 
31 55 5 13 26 30 32 36 
32 63 2 31 33 
33 6 4 26 32 34 36 
34 4 4 33 35 36 43 
35 6 1 34 
36 1 7 31 33 34 37 45 46 47 
37 6 2 36 38 
38 22 3 37 39 47 
39 23 3 38 40 48 
40 88 2 39 41 
41 1 2 40 42 
42 25 4 14 19 41 43 
43 1 8 13 15 16 25 26 34 42 44 
44 22 5 2 5 43 45 47 
45 62 3 36 44 46 
46 1 3 36 45 47 
47 55 4 36 38 44 46 
48 23 2 39 49 
49 4 1 48 
t 8 50 268
0 55 2 1 14 
1 55 2 0 2 
2 1 7 1 3 7 17 38 44 46 
3 55 9 2 4 11 14 16 18 31 35 45 
4 6 3 3 5 23 
5 1 4 4 6 33 47 
6 20 2 5 7 
7 55 10 2 6 8 9 14 33 41 43 45 47 
8 6 1 7 
9 68 3 7 10 46 
10 55 6 9 11 14 24 31 43 
11 20 11 3 10 12 15 21 25 27 30 31 46 48 
12 1 4 11 13 28 33 
13 6 2 12 14 
14 22 12 0 3 7 10 13 15 17 27 34 38 46 48 
15 1 6 11 14 16 35 45 49 
16 15 3 3 15 17 
17 7 8 2 14 16 18 31 33 35 39 
18 15 7 3 17 19 27 32 38 46 
19 7 4 18 20 32 39 
20 1 6 19 21 31 34 38 41 
21 15 5 11 20 22 26 31 
22 1 4 21 23 32 46 
23 16 4 4 22 24 31 
24 102 5 10 23 25 27 46 
25 20 5 11 24 26 28 31 
26 5 4 21 25 27 46 
27 20 7 11 14 18 24 26 28 31 
28 23 6 12 25 27 29 30 46 
29 15 1 28 
30 25 3 11 28 31 
31 1 13 3 10 11 17 20 21 23 25 27 30 32 33 46 
32 68 5 18 19 22 31 33 
33 63 8 5 7 12 17 31 32 34 46 
34 55 5 14 20 33 35 45 
35 6 9 3 15 17 34 36 38 40 46 48 
36 55 3 35 37 39 
37 1 2 36 38 
38 55 9 2 14 18 20 35 37 39 45 49 
39 15 6 17 19 36 38 40 46 
40 68 3 35 39 41 
41 15 5 7 20 40 42 43 
42 2 1 41 
43 6 4 7 10 41 44 
44 20 3 2 43 45 
45 15 8 3 7 15 34 38 44 46 48 
46 15 15 2 9 11 14 18 22 24 26 28 31 33 35 39 45 47 
47 20 4 5 7 46 48 
48 6 6 11 14 35 45 47 49 
49 1 3 15 38 48 
t 9 50 170
0 56 1 1 
1 1 4 0 2 42 46 
2 20 3 1 3 37 
3 15 3 2 4 44 
4 6 3 3 5 6 
5 24 1 4 
6 20 2 4 7 
7 4 3 6 8 31 
8 6 4 7 9 10 16 
9 8 1 8 
10 1 4 8 11 14 15 
11 1 3 10 12 15 
12 6 2 11 13 
13 10 1 12 
14 1 3 10 15 16 
15 20 8 10 11 14 16 21 24 29 43 
16 1 8 8 14 15 17 18 19 20 39 
17 8 2 16 44 
18 23 1 16 
19 35 1 16 
20 1 1 16 
21 63 2 15 22 
22 8 3 21 23 24 
23 20 1 22 
24 55 6 15 22 25 44 46 49 
25 5 2 24 26 
26 20 3 25 27 34 
27 1 4 26 28 32 40 
28 20 2 27 29 
29 1 6 15 28 30 38 40 44 
30 15 2 29 31 
31 1 6 7 30 32 44 46 49 
32 15 4 27 31 33 34 
33 23 1 32 
34 20 3 26 32 35 
35 20 3 34 36 37 
36 49 2 35 37 
37 1 7 2 35 36 38 40 42 44 
38 55 3 29 37 39 
39 1 5 16 38 40 44 46 
40 22 5 27 29 37 39 41 
41 15 2 40 42 
42 15 5 1 37 41 43 49 
43 15 5 15 42 44 46 49 
44 22 9 3 17 24 29 31 37 39 43 45 
45 15 2 44 46 
46 72 8 1 24 31 39 43 45 47 49 
47 15 2 46 48 
48 15 2 47 49 
49 15 6 24 31 42 43 46 48 
t 10 50 224
0 32 1 1 
1 35 3 0 2 3 
2 15 2 1 3 
3 15 6 1 2 4 33 35 37 
4 6 2 3 5 
5 72 7 4 6 18 33 39 42 48 
6 1 3 5 7 30 
7 20 3 6 8 16 
8 15 9 7 9 10 11 12 32 36 40 47 
9 20 3 8 10 48 
10 20 5 8 9 11 18 37 
11 15 7 8 10 12 15 16 33 39 
12 55 6 8 11 13 14 16 37 
13 55 4 12 14 15 44 
14 55 3 12 13 15 
15 55 5 11 13 14 16 37 
16 1 9 7 11 12 15 17 30 34 36 43 
17 20 3 16 18 42 
18 20 6 5 10 17 19 20 22 
19 55 1 18 
20 22 4 18 21 27 33 
21 15 1 20 
22 20 3 18 23 27 
23 55 2 22 24 
24 6 3 23 25 27 
25 55 4 24 26 30 32 
26 1 3 25 27 30 
27 7 7 20 22 24 26 28 29 32 
28 15 3 27 29 30 
29 15 3 27 28 30 
30 22 8 6 16 25 26 28 29 31 42 
31 20 3 30 32 40 
32 15 7 8 25 27 31 33 37 42 
33 6 7 3 5 11 20 32 34 43 
34 20 3 16 33 35 
35 10 3 3 34 36 
36 63 4 8 16 35 37 
37 1 12 3 10 12 15 32 36 38 40 41 44 47 49 
38 63 3 37 39 44 
39 1 6 5 11 38 40 43 47 
40 20 6 8 31 37 39 41 44 
41 1 4 37 40 42 48 
42 1 8 5 17 30 32 41 43 47 49 
43 37 5 16 33 39 42 44 
44 6 6 13 37 38 40 43 45 
45 20 2 44 46 
46 22 2 45 47 
47 6 6 8 37 39 42 46 48 
48 15 5 5 9 41 47 49 
49 20 3 37 42 48 
t 11 50 152
0 55 1 1 
1 20 3 0 2 3 
2 0 1 1 
3 7 3 1 4 6 
4 17 2 3 5 
5 55 2 4 6 
6 1 5 3 5 7 19 20 
7 20 2 6 8 
8 5 2 7 9 
9 1 6 8 10 14 23 24 28 
10 63 6 9 11 18 20 21 22 
11 15 4 10 12 23 24 
12 20 2 11 13 
13 1 6 12 14 18 23 24 40 
14 1 4 9 13 15 25 
15 22 2 14 16 
16 22 2 15 17 
17 55 2 16 18 
18 15 4 10 13 17 19 
19 15 2 6 18 
20 1 2 6 10 
21 15 1 10 
22 1 2 10 23 
23 20 9 9 11 13 22 24 25 27 34 36 
24 15 4 9 11 13 23 
25 1 3 14 23 26 
26 6 3 25 27 35 
27 32 4 23 26 28 34 
28 6 3 9 27 29 
29 23 4 28 30 31 32 
30 23 2 29 31 
31 63 4 29 30 32 41 
32 15 4 29 31 33 41 
33 6 3 32 34 36 
34 6 5 23 27 33 35 36 
35 23 2 26 34 
36 6 4 23 33 34 37 
37 15 2 36 38 
38 35 3 37 39 42 
39 32 2 38 40 
40 16 3 13 39 41 
41 6 4 31 32 40 42 
42 6 3 38 41 43 
43 47 2 42 44 
44 15 2 43 45 
45 20 3 44 46 47 
46 15 2 45 47 
47 20 3 45 46 48 
48 23 2 47 49 
49 15 1 48 
t 12 50 158
0 1 2 1 28 
1 1 3 0 2 28 
2 1 8 1 3 4 6 18 26 28 33 
3 15 5 2 4 5 6 31 
4 23 4 2 3 5 27 
5 1 8 3 4 6 18 26 28 31 33 
6 20 4 2 3 5 7 
7 20 2 6 8 
8 20 5 7 9 19 23 24 
9 15 4 8 10 19 21 
10 15 4 9 11 12 24 
11 22 2 10 24 
12 15 3 10 13 15 
13 7 2 12 14 
14 55 1 13 
15 1 3 12 16 17 
16 25 3 15 17 18 
17 16 3 15 16 33 
18 15 6 2 5 16 19 28 32 
19 15 7 8 9 18 20 21 23 24 
20 20 1 19 
21 20 4 9 19 22 23 
22 5 1 21 
23 20 3 8 19 21 
24 20 5 8 10 11 19 25 
25 20 2 24 26 
26 1 4 2 5 25 27 
27 7 3 4 26 28 
28 1 8 0 1 2 5 18 27 29 32 
29 16 2 28 30 
30 1 2 29 31 
31 20 4 3 5 30 32 
32 15 4 18 28 31 33 
33 22 5 2 5 17 32 34 
34 6 2 33 35 
35 6 2 34 36 
36 1 6 35 37 38 39 40 41 
37 20 1 36 
38 6 1 36 
39 8 1 36 
40 20 1 36 
41 1 2 36 42 
42 10 2 41 43 
43 20 6 42 44 45 46 47 48 
44 25 1 43 
45 0 1 43 
46 16 1 43 
47 37 1 43 
48 22 2 43 49 
49 1 1 48 
t 13 50 182
0 6 1 1 
1 15 2 0 2 
2 20 3 1 3 24 
3 1 5 2 4 5 22 39 
4 5 1 3 
5 15 7 3 6 32 34 41 42 46 
6 20 3 5 7 47 
7 15 2 6 8 
8 15 5 7 9 12 34 41 
9 15 4 8 10 11 12 
10 15 2 9 11 
11 15 3 9 10 12 
12 15 5 8 9 11 13 49 
13 15 2 12 14 
14 1 2 13 15 
15 1 2 14 16 
16 82 2 15 17 
17 63 5 16 18 19 36 38 
18 55 1 17 
19 68 2 17 20 
20 6 3 19 21 32 
21 15 2 20 22 
22 20 6 3 21 23 34 38 41 
23 20 4 22 24 29 32 
24 1 6 2 23 25 26 37 47 
25 25 4 24 26 29 46 
26 20 6 24 25 27 32 34 41 
27 6 2 26 28 
28 15 2 27 29 
29 55 9 23 25 28 30 35 37 39 42 44 
30 20 2 29 31 
31 6 3 30 32 41 
32 1 6 5 20 23 26 31 33 
33 20 2 32 34 
34 20 7 5 8 22 26 33 35 37 
35 6 4 29 34 36 41 
36 20 4 17 35 37 47 
37 20 5 24 29 34 36 38 
38 1 5 17 22 37 39 47 
39 63 5 3 29 38 40 41 
40 15 1 39 
41 1 10 5 8 22 26 31 35 39 42 44 45 
42 15 4 5 29 41 43 
43 6 2 42 44 
44 63 3 29 41 43 
45 16 2 41 46 
46 55 4 5 25 45 47 
47 109 6 6 24 36 38 46 48 
48 22 2 47 49 
49 1 2 12 48 
t 14 50 160
0 1 1 1 
1 15 4 0 2 9 31 
2 6 3 1 3 8 
3 6 2 2 4 
4 6 4 3 5 7 8 
5 132 3 4 6 7 
6 15 2 5 7 
7 6 3 4 5 6 
8 6 2 2 4 
9 6 3 1 10 29 
10 15 2 9 11 
11 4 2 10 12 
12 15 5 11 13 22 29 38 
13 1 8 12 14 17 19 23 31 41 47 
14 20 2 13 15 
15 8 2 14 16 
16 1 3 15 17 38 
17 6 3 13 16 18 
18 1 3 17 19 39 
19 5 4 13 18 20 40 
20 22 2 19 21 
21 55 2 20 22 
22 20 4 12 21 23 47 
23 1 7 13 22 24 25 38 40 49 
24 22 1 23 
25 22 2 23 26 
26 15 2 25 27 
27 15 3 26 28 29 
28 15 1 27 
29 1 7 9 12 27 30 31 39 47 
30 22 2 29 31 
31 20 6 1 13 29 30 32 40 
32 15 2 31 33 
33 20 3 32 34 37 
34 8 2 33 35 
35 1 2 34 36 
36 1 1 35 
37 55 3 33 38 46 
38 55 7 12 16 23 37 39 45 47 
39 63 5 18 29 38 40 44 
40 1 7 19 23 31 39 41 45 47 
41 6 3 13 40 42 
42 15 2 41 43 
43 15 2 42 44 
44 55 3 39 43 45 
45 102 4 38 40 44 46 
46 20 3 37 45 47 
47 20 8 13 22 29 38 40 46 48 49 
48 15 1 47 
49 25 2 23 47 
t 15 50 172
0 63 1 1 
1 1 2 0 2 
2 1 3 1 3 4 
3 1 1 2 
4 1 6 2 5 6 7 8 19 
5 1 1 4 
6 1 1 4 
7 8 1 4 
8 67 2 4 9 
9 22 8 8 10 12 13 23 27 32 47 
10 15 3 9 11 26 
11 56 2 10 12 
12 56 4 9 11 13 25 
13 1 8 9 12 14 19 24 26 35 41 
14 16 6 13 15 28 29 30 31 
15 22 3 14 16 31 
16 4 3 15 17 48 
17 1 2 16 18 
18 25 3 17 19 35 
19 20 8 4 13 18 20 21 26 36 37 
20 1 1 19 
21 15 3 19 22 37 
22 1 2 21 23 
23 15 4 9 22 24 35 
24 15 4 13 23 25 31 
25 20 5 12 24 26 38 49 
26 1 7 10 13 19 25 27 31 37 
27 1 4 9 26 28 35 
28 6 4 14 27 29 30 
29 15 4 14 28 30 32 
30 15 6 14 28 29 31 32 34 
31 47 7 14 15 24 26 30 32 33 
32 15 4 9 29 30 31 
33 6 2 31 34 
34 1 3 30 33 35 
35 72 6 13 18 23 27 34 37 
36 20 1 19 
37 15 5 19 21 26 35 38 
38 1 4 25 37 39 41 
39 5 4 38 40 42 43 
40 0 1 39 
41 20 3 13 38 45 
42 6 1 39 
43 37 2 39 44 
44 6 2 43 45 
45 1 5 41 44 46 47 48 
46 23 1 45 
47 156 3 9 45 48 
48 6 4 16 45 47 49 
49 6 2 25 48 
t 16 50 170
0 6 1 1 
1 20 3 0 2 3 
2 15 1 1 
3 15 3 1 4 14 
4 63 3 3 5 31 
5 15 4 4 6 27 28 
6 20 7 5 7 8 25 26 35 38 
7 0 1 6 
8 32 2 6 9 
9 32 4 8 10 18 37 
10 16 5 9 11 29 38 42 
11 1 2 10 12 
12 15 3 11 13 14 
13 15 2 12 14 
14 15 8 3 12 13 15 25 29 36 42 
15 1 5 14 16 18 29 35 
16 55 2 15 17 
17 15 5 16 18 23 25 42 
18 15 6 9 15 17 19 36 42 
19 20 3 18 20 21 
20 16 1 19 
21 20 2 19 22 
22 6 3 21 23 25 
23 15 4 17 22 24 25 
24 37 1 23 
25 55 8 6 14 17 22 23 43 44 46 
26 35 2 6 27 
27 23 2 5 26 
28 6 2 5 29 
29 1 6 10 14 15 28 30 43 
30 102 2 29 31 
31 15 6 4 30 32 33 34 35 
32 15 4 31 33 35 36 
33 15 5 31 32 34 35 36 
34 15 4 31 33 35 36 
35 15 6 6 15 31 32 33 34 
36 15 6 14 18 32 33 34 37 
37 55 3 9 36 38 
38 1 4 6 10 37 39 
39 1 4 38 40 41 42 
40 1 2 39 41 
41 1 2 39 40 
42 1 6 10 14 17 18 39 43 
43 20 3 25 29 42 
44 5 2 25 45 
45 55 2 44 46 
46 6 3 25 45 47 
47 20 2 46 48 
48 1 2 47 49 
49 1 1 48 
t 17 50 160
0 15 2 1 3 
1 1 2 0 2 
2 6 2 1 29 
3 15 3 0 4 31 
4 15 3 3 5 30 
5 15 3 4 6 16 
6 68 3 5 7 32 
7 15 4 6 8 29 48 
8 16 2 7 9 
9 6 3 8 10 11 
10 6 2 9 11 
11 6 4 9 10 12 23 
12 6 2 11 13 
13 20 3 12 14 17 
14 72 2 13 15 
15 55 2 14 16 
16 15 6 5 15 17 32 34 45 
17 16 4 13 16 18 38 
18 16 5 17 19 30 45 47 
19 6 4 18 20 23 24 
20 6 3 19 21 22 
21 6 2 20 22 
22 6 3 20 21 23 
23 6 7 11 19 22 24 25 26 39 
24 6 3 19 23 25 
25 32 2 23 24 
26 6 3 23 27 28 
27 15 2 26 28 
28 15 3 26 27 29 
29 15 4 2 7 28 30 
30 15 5 4 18 29 31 46 
31 5 3 3 30 32 
32 15 5 6 16 31 33 44 
33 15 3 32 34 36 
34 7 4 16 33 35 46 
35 15 3 34 36 37 
36 55 3 33 35 46 
37 6 2 35 38 
38 1 3 17 37 39 
39 7 4 23 38 40 42 
40 6 3 39 41 47 
41 16 2 40 42 
42 16 3 39 41 43 
43 23 2 42 44 
44 20 3 32 43 45 
45 63 5 16 18 44 46 48 
46 1 5 30 34 36 45 47 
47 55 4 18 40 46 48 
48 15 4 7 45 47 49 
49 15 1 48 
t 18 50 180
0 55 1 1 
1 63 5 0 2 6 15 44 
2 55 2 1 3 
3 15 6 2 4 5 6 29 44 
4 6 1 3 
5 55 1 3 
6 15 9 1 3 7 13 15 35 38 39 45 
7 37 2 6 8 
8 15 3 7 9 11 
9 1 2 8 10 
10 133 1 9 
11 15 2 8 12 
12 1 6 11 13 41 43 45 47 
13 20 8 6 12 14 16 29 31 36 40 
14 16 1 13 
15 63 5 1 6 16 29 36 
16 20 7 13 15 17 33 37 39 43 
17 23 2 16 18 
18 23 2 17 19 
19 61 2 18 20 
20 63 3 19 21 22 
21 94 1 20 
22 20 2 20 23 
23 15 3 22 24 26 
24 15 2 23 25 
25 15 2 24 26 
26 15 3 23 25 27 
27 6 2 26 28 
28 6 3 27 29 40 
29 1 9 3 13 15 28 30 39 41 43 47 
30 20 3 29 31 40 
31 55 6 13 30 32 33 35 49 
32 6 1 31 
33 15 4 16 31 34 40 
34 1 2 33 35 
35 20 4 6 31 34 36 
36 1 8 13 15 35 37 38 39 45 49 
37 15 3 16 36 38 
38 15 4 6 36 37 40 
39 15 5 6 16 29 36 40 
40 6 8 13 28 30 33 38 39 41 45 
41 55 4 12 29 40 42 
42 1 2 41 43 
43 4 5 12 16 29 42 44 
44 55 4 1 3 43 45 
45 15 7 6 12 36 40 44 46 48 
46 15 2 45 47 
47 20 4 12 29 46 48 
48 20 3 45 47 49 
49 5 3 31 36 48 
t 19 50 152
0 1 4 1 2 32 46 
1 6 1 0 
2 1 3 0 3 45 
3 15 5 2 4 5 6 12 
4 1 1 3 
5 37 1 3 
6 6 4 3 7 19 47 
7 15 2 6 8 
8 1 5 7 9 23 24 30 
9 15 3 8 10 22 
10 1 9 9 11 17 18 19 24 25 29 45 
11 20 2 10 12 
12 1 3 3 11 13 
13 37 3 12 14 43 
14 55 3 13 15 27 
15 15 3 14 16 20 
16 1 2 15 17 
17 20 5 10 16 20 22 43 
18 6 2 10 22 
19 17 3 6 10 20 
20 1 6 15 17 19 21 39 40 
21 20 2 20 22 
22 1 7 9 17 18 21 23 29 42 
23 6 2 8 22 
24 1 2 8 10 
25 20 3 10 26 46 
26 15 3 25 27 29 
27 1 5 14 26 28 32 33 
28 7 2 27 29 
29 15 5 10 22 26 28 30 
30 15 3 8 29 31 
31 20 2 30 32 
32 20 5 0 27 31 47 48 
33 6 2 27 34 
34 1 2 33 35 
35 15 2 34 36 
36 6 2 35 37 
37 1 2 36 38 
38 32 2 37 39 
39 15 2 20 38 
40 6 2 20 41 
41 15 2 40 42 
42 6 3 22 41 43 
43 55 4 13 17 42 44 
44 20 2 43 45 
45 20 4 2 10 44 46 
46 55 4 0 25 45 47 
47 1 3 6 32 46 
48 15 2 32 49 
49 20 1 48 
t 20 50 176
0 20 2 1 5 
1 22 3 0 2 6 
2 20 4 1 3 4 6 
3 15 2 2 4 
4 15 3 2 3 5 
5 15 3 0 4 6 
6 15 4 1 2 5 7 
7 55 6 6 8 17 21 28 41 
8 1 5 7 9 10 14 16 
9 1 1 8 
10 15 9 8 11 13 24 26 32 36 37 39 
11 15 2 10 12 
12 20 2 11 13 
13 6 4 10 12 14 27 
14 22 6 8 13 15 17 28 39 
15 15 5 14 16 27 33 40 
16 1 3 8 15 17 
17 16 5 7 14 16 18 23 
18 1 2 17 19 
19 15 2 18 20 
20 15 2 19 21 
21 15 4 7 20 22 23 
22 15 1 21 
23 55 3 17 21 24 
24 1 8 10 23 25 27 33 37 40 44 
25 47 2 24 26 
26 16 3 10 25 27 
27 63 6 13 15 24 26 28 36 
28 63 4 7 14 27 29 
29 20 2 28 30 
30 20 2 29 31 
31 55 6 30 32 37 39 41 46 
32 1 3 10 31 33 
33 1 6 15 24 32 34 37 41 
34 5 2 33 35 
35 6 2 34 36 
36 6 4 10 27 35 37 
37 20 6 10 24 31 33 36 38 
38 20 2 37 39 
39 15 6 10 14 31 38 40 48 
40 55 5 15 24 39 41 46 
41 15 5 7 31 33 40 42 
42 15 2 41 43 
43 15 2 42 44 
44 6 3 24 43 45 
45 15 3 44 46 48 
46 15 4 31 40 45 47 
47 6 1 46 
48 6 3 39 45 49 
49 112 1 48 
t 21 50 154
0 20 3 1 2 3 
1 20 1 0 
2 20 2 0 3 
3 15 4 0 2 4 5 
4 22 3 3 5 6 
5 15 2 3 4 
6 15 3 4 7 30 
7 55 3 6 8 45 
8 37 2 7 9 
9 55 3 8 10 38 
10 1 4 9 11 12 30 
11 1 1 10 
12 7 5 10 13 17 36 38 
13 1 2 12 14 
14 1 2 13 15 
15 55 2 14 16 
16 55 5 15 17 31 33 45 
17 17 4 12 16 18 19 
18 1 2 17 19 
19 6 3 17 18 20 
20 20 2 19 21 
21 15 6 20 22 46 47 48 49 
22 15 3 21 23 25 
23 6 4 22 24 47 48 
24 15 2 23 25 
25 15 5 22 24 26 47 49 
26 47 3 25 27 34 
27 6 4 26 28 29 34 
28 35 3 27 29 45 
29 47 3 27 28 30 
30 32 4 6 10 29 31 
31 15 3 16 30 32 
32 23 2 31 33 
33 15 3 16 32 34 
34 6 4 26 27 33 35 
35 20 3 34 36 38 
36 15 3 12 35 37 
37 20 2 36 38 
38 15 5 9 12 35 37 39 
39 55 3 38 40 41 
40 5 2 39 41 
41 55 4 39 40 42 43 
42 15 2 41 43 
43 15 3 41 42 44 
44 1 2 43 45 
45 15 5 7 16 28 44 46 
46 1 2 21 45 
47 6 4 21 23 25 48 
48 15 4 21 23 47 49 
49 6 3 21 25 48 
t 22 50 178
0 6 1 1 
1 23 3 0 2 6 
2 1 5 1 3 11 13 25 
3 22 2 2 4 
4 1 4 3 5 11 49 
5 20 3 4 6 12 
6 55 5 1 5 7 9 35 
7 20 3 6 8 24 
8 20 2 7 9 
9 1 3 6 8 10 
10 63 4 9 11 25 38 
11 15 4 2 4 10 12 
12 1 5 5 11 13 40 47 
13 15 7 2 12 14 15 16 17 20 
14 55 2 13 15 
15 20 3 13 14 16 
16 15 6 13 15 17 19 20 22 
17 15 3 13 16 18 
18 15 2 17 19 
19 15 2 16 18 
20 55 3 13 16 21 
21 22 2 20 22 
22 55 3 16 21 23 
23 1 2 22 24 
24 55 3 7 23 25 
25 6 6 2 10 24 26 28 30 
26 6 6 25 27 30 31 32 33 
27 4 2 26 28 
28 6 5 25 27 29 31 32 
29 6 2 28 30 
30 6 5 25 26 29 31 32 
31 35 6 26 28 30 33 34 35 
32 6 3 26 28 30 
33 1 3 26 31 34 
34 15 3 31 33 35 
35 57 4 6 31 34 36 
36 1 2 35 37 
37 15 4 36 38 44 45 
38 15 9 10 37 39 40 41 42 43 46 47 
39 15 2 38 40 
40 15 3 12 38 39 
41 1 1 38 
42 15 4 38 43 44 46 
43 15 5 38 42 44 45 46 
44 15 4 37 42 43 45 
45 15 4 37 43 44 46 
46 15 5 38 42 43 45 47 
47 15 4 12 38 46 48 
48 1 2 47 49 
49 8 2 4 48 
t 23 50 156
0 5 1 1 
1 20 2 0 2 
2 6 3 1 3 16 
3 10 4 2 4 5 47 
4 6 1 3 
5 15 4 3 6 8 30 
6 50 2 5 7 
7 55 1 6 
8 37 2 5 9 
9 6 3 8 10 32 
10 20 4 9 11 26 30 
11 20 3 10 12 25 
12 20 2 11 13 
13 20 2 12 14 
14 20 2 13 15 
15 20 4 14 16 25 29 
16 1 3 2 15 17 
17 37 4 16 18 19 20 
18 1 1 17 
19 6 1 17 
20 15 2 17 21 
21 20 4 20 22 24 43 
22 20 2 21 23 
23 94 2 22 24 
24 15 3 21 23 25 
25 6 5 11 15 24 26 30 
26 15 3 10 25 27 
27 6 2 26 28 
28 20 2 27 29 
29 1 3 15 28 30 
30 22 5 5 10 25 29 31 
31 6 2 30 32 
32 1 3 9 31 33 
33 15 5 32 34 35 36 37 
34 15 7 33 35 36 37 39 40 43 
35 15 4 33 34 36 41 
36 47 3 33 34 35 
37 15 5 33 34 38 42 43 
38 15 3 37 39 42 
39 15 4 34 38 40 43 
40 15 3 34 39 43 
41 15 2 35 42 
42 15 4 37 38 41 43 
43 15 7 21 34 37 39 40 42 44 
44 15 5 43 45 46 47 48 
45 15 2 44 46 
46 15 5 44 45 47 48 49 
47 22 4 3 44 46 48 
48 22 4 44 46 47 49 
49 15 2 46 48 
t 24 50 174
0 37 1 1 
1 17 2 0 2 
2 20 5 1 3 4 5 47 
3 20 6 2 4 5 32 46 47 
4 49 3 2 3 5 
5 20 9 2 3 4 6 8 9 19 44 47 
6 6 3 5 7 20 
7 1 5 6 8 9 11 47 
8 6 6 5 7 9 29 32 33 
9 32 5 5 7 8 10 35 
10 8 2 9 11 
11 20 6 7 10 12 24 28 32 
12 20 2 11 13 
13 1 5 12 14 16 17 41 
14 55 2 13 15 
15 22 1 14 
16 55 1 13 
17 20 2 13 18 
18 20 2 17 19 
19 15 7 5 18 20 24 28 37 48 
20 20 3 6 19 21 
21 1 2 20 22 
22 63 2 21 23 
23 1 3 22 24 32 
24 1 7 11 19 23 25 29 31 47 
25 6 3 24 26 27 
26 15 1 25 
27 6 3 25 28 44 
28 6 4 11 19 27 29 
29 22 5 8 24 28 30 32 
30 20 2 29 31 
31 1 3 24 30 32 
32 1 8 3 8 11 23 29 31 33 44 
33 63 3 8 32 34 
34 15 3 33 35 36 
35 4 3 9 34 36 
36 20 3 34 35 37 
37 8 3 19 36 38 
38 20 2 37 39 
39 17 5 38 40 42 43 44 
40 1 3 39 41 42 
41 16 2 13 40 
42 1 4 39 40 43 44 
43 1 2 39 42 
44 1 7 5 27 32 39 42 45 46 
45 8 1 44 
46 55 2 3 44 
47 15 6 2 3 5 7 24 48 
48 55 3 19 47 49 
49 6 1 48 
t 25 50 202
0 20 1 1 
1 6 2 0 2 
2 20 2 1 3 
3 6 4 2 4 15 32 
4 20 2 3 5 
5 6 3 4 6 32 
6 15 3 5 7 46 
7 22 2 6 8 
8 1 10 7 9 10 12 24 33 35 36 44 49 
9 1 3 8 11 47 
10 8 4 8 11 19 26 
11 20 6 9 10 12 24 33 48 
12 15 7 8 11 13 14 23 41 47 
13 63 2 12 41 
14 6 4 12 15 18 33 
15 6 5 3 14 16 47 49 
16 15 2 15 17 
17 4 2 16 18 
18 15 8 14 17 19 23 34 41 43 45 
19 15 6 10 18 20 22 33 44 
20 15 5 19 21 32 41 43 
21 55 3 20 22 33 
22 20 4 19 21 23 47 
23 55 6 12 18 22 24 33 49 
24 1 7 8 11 23 25 26 39 43 
25 3 1 24 
26 1 4 10 24 27 44 
27 22 2 26 28 
28 8 3 27 29 30 
29 6 1 28 
30 15 2 28 31 
31 16 2 30 32 
32 1 10 3 5 20 31 33 35 42 44 48 49 
33 72 10 8 11 14 19 21 23 32 34 41 47 
34 1 4 18 33 35 48 
35 1 4 8 32 34 41 
36 1 2 8 37 
37 55 3 36 38 39 
38 55 1 37 
39 15 3 24 37 40 
40 15 2 39 41 
41 6 8 12 13 18 20 33 35 40 42 
42 37 3 32 41 43 
43 6 5 18 20 24 42 44 
44 15 7 8 19 26 32 43 45 47 
45 1 3 18 44 46 
46 10 3 6 45 47 
47 1 8 9 12 15 22 33 44 46 48 
48 17 4 11 32 34 47 
49 6 4 8 15 23 32 
t 26 50 154
0 32 1 1 
1 55 2 0 2 
2 63 2 1 3 
3 55 7 2 4 30 32 36 38 44 
4 20 5 3 5 15 35 40 
5 55 2 4 6 
6 15 5 5 7 8 9 10 
7 15 3 6 8 10 
8 15 3 6 7 9 
9 15 4 6 8 10 11 
10 15 3 6 7 9 
11 15 2 9 12 
12 20 2 11 13 
13 10 2 12 14 
14 6 2 13 15 
15 63 5 4 14 16 44 45 
16 15 2 15 17 
17 15 2 16 18 
18 20 2 17 19 
19 8 2 18 20 
20 15 4 19 21 22 37 
21 77 1 20 
22 20 3 20 23 28 
23 20 3 22 24 25 
24 20 1 23 
25 15 2 23 26 
26 6 5 25 27 28 29 30 
27 16 2 26 28 
28 6 4 22 26 27 29 
29 29 3 26 28 30 
30 15 4 3 26 29 31 
31 7 2 30 32 
32 20 4 3 31 33 35 
33 1 3 32 34 47 
34 20 3 33 35 37 
35 20 6 4 32 34 36 38 44 
36 6 4 3 35 37 46 
37 6 4 20 34 36 38 
38 15 6 3 35 37 39 43 46 
39 15 4 38 40 42 43 
40 22 3 4 39 41 
41 20 1 40 
42 15 2 39 43 
43 15 4 38 39 42 44 
44 1 5 3 15 35 43 45 
45 20 3 15 44 46 
46 55 4 36 38 45 47 
47 23 3 33 46 48 
48 15 2 47 49 
49 22 1 48 
t 27 50 152
0 6 1 1 
1 6 3 0 2 4 
2 35 4 1 3 5 41 
3 20 3 2 4 20 
4 47 3 1 3 5 
5 57 3 2 4 6 
6 55 2 5 7 
7 15 4 6 8 9 30 
8 6 1 7 
9 55 6 7 10 31 34 36 41 
10 15 5 9 11 32 33 40 
11 15 3 10 12 13 
12 15 3 11 13 15 
13 15 3 11 12 14 
14 15 1 13 
15 15 3 12 16 17 
16 15 2 15 17 
17 15 4 15 16 18 19 
18 15 1 17 
19 15 3 17 20 38 
20 1 5 3 19 21 36 39 
21 20 4 20 22 38 46 
22 15 3 21 23 47 
23 20 2 22 24 
24 63 5 23 25 36 41 47 
25 20 2 24 26 
26 20 2 25 27 
27 20 2 26 28 
28 22 2 27 29 
29 20 2 28 30 
30 20 5 7 29 31 34 39 
31 63 3 9 30 32 
32 1 2 10 31 
33 6 2 10 34 
34 6 6 9 30 33 35 36 38 
35 55 2 34 36 
36 15 7 9 20 24 34 35 37 38 
37 20 2 36 38 
38 1 6 19 21 34 36 37 39 
39 22 4 20 30 38 40 
40 6 3 10 39 41 
41 15 5 2 9 24 40 42 
42 24 2 41 43 
43 112 3 42 44 45 
44 8 1 43 
45 112 2 43 46 
46 34 3 21 45 47 
47 20 5 22 24 46 48 49 
48 20 1 47 
49 37 1 47 
t 28 50 188
0 20 1 1 
1 1 6 0 2 6 22 39 44 
2 15 9 1 3 4 29 34 35 36 37 38 
3 6 1 2 
4 23 2 2 5 
5 112 2 4 6 
6 15 3 1 5 7 
7 6 4 6 8 11 15 
8 6 4 7 9 10 12 
9 35 4 8 10 16 19 
10 23 3 8 9 11 
11 6 4 7 10 12 16 
12 170 4 8 11 13 14 
13 15 1 12 
14 4 2 12 15 
15 15 4 7 14 16 19 
16 55 4 9 11 15 17 
17 6 4 16 18 25 29 
18 22 2 17 19 
19 1 8 9 15 18 20 22 26 30 40 
20 6 5 19 21 27 32 38 
21 55 2 20 22 
22 20 7 1 19 21 23 32 38 45 
23 63 4 22 24 26 40 
24 20 3 23 25 38 
25 15 4 17 24 26 49 
26 15 8 19 23 25 27 32 34 38 42 
27 20 3 20 26 28 
28 20 4 27 29 32 34 
29 1 6 2 17 28 30 31 33 
30 20 2 19 29 
31 62 2 29 32 
32 1 6 20 22 26 28 31 33 
33 16 4 29 32 34 38 
34 55 6 2 26 28 33 39 44 
35 8 1 2 
36 15 2 2 37 
37 10 2 2 36 
38 1 8 2 20 22 24 26 33 39 40 
39 20 3 1 34 38 
40 17 4 19 23 38 41 
41 5 3 40 42 44 
42 55 4 26 41 43 49 
43 6 2 42 44 
44 55 8 1 34 41 43 45 47 48 49 
45 20 5 22 44 46 47 48 
46 10 1 45 
47 20 2 44 45 
48 15 2 44 45 
49 55 3 25 42 44 
t 29 50 184
0 1 1 1 
1 17 2 0 2 
2 55 3 1 3 4 
3 1 1 2 
4 15 2 2 5 
5 1 2 4 6 
6 23 4 5 7 14 24 
7 16 2 6 8 
8 6 3 7 9 43 
9 6 3 8 10 17 
10 63 3 9 11 43 
11 22 2 10 12 
12 6 4 11 13 24 48 
13 6 3 12 14 24 
14 55 6 6 13 15 17 24 49 
15 23 2 14 16 
16 6 1 15 
17 1 3 9 14 18 
18 6 3 17 19 42 
19 22 5 18 20 31 46 48 
20 15 2 19 21 
21 20 2 20 22 
22 63 2 21 23 
23 45 2 22 24 
24 15 6 6 12 13 14 23 25 
25 15 3 24 26 27 
26 35 1 25 
27 6 2 25 28 
28 35 2 27 29 
29 15 2 28 30 
30 1 4 29 31 33 48 
31 55 4 19 30 32 42 
32 15 2 31 33 
33 6 3 30 32 34 
34 15 8 33 35 36 37 38 39 41 42 
35 15 8 34 36 37 38 39 40 41 42 
36 15 5 34 35 37 38 40 
37 15 8 34 35 36 38 39 40 41 42 
38 1 8 34 35 36 37 39 40 41 42 
39 15 7 34 35 37 38 40 41 42 
40 15 6 35 36 37 38 39 41 
41 15 6 34 35 37 38 39 40 
42 20 11 18 31 34 35 37 38 39 43 44 46 48 
43 16 4 8 10 42 44 
44 49 5 42 43 45 46 48 
45 0 1 44 
46 20 4 19 42 44 47 
47 94 2 46 48 
48 20 7 12 19 30 42 44 47 49 
49 20 2 14 48 
t 30 50 230
0 5 1 1 
1 5 9 0 2 3 9 16 33 35 36 42 
2 15 1 1 
3 1 5 1 4 19 37 41 
4 63 8 3 5 14 16 18 32 33 35 
5 15 4 4 6 8 37 
6 20 7 5 7 16 20 21 33 36 
7 34 4 6 8 13 29 
8 20 5 5 7 9 16 25 
9 55 6 1 8 10 14 24 41 
10 20 9 9 11 12 16 18 20 21 35 38 
11 102 1 10 
12 55 3 10 13 17 
13 20 7 7 12 14 20 21 23 25 
14 15 9 4 9 13 15 19 20 30 32 35 
15 6 2 14 16 
16 1 9 1 4 6 8 10 15 17 19 44 
17 63 7 12 16 18 20 31 36 41 
18 55 6 4 10 17 19 29 41 
19 6 5 3 14 16 18 20 
20 1 7 6 10 13 14 17 19 41 
21 20 8 6 10 13 22 24 26 27 41 
22 1 3 21 23 25 
23 55 4 13 22 24 41 
24 20 5 9 21 23 25 36 
25 20 6 8 13 22 24 26 41 
26 15 2 21 25 
27 15 2 21 28 
28 15 2 27 29 
29 6 4 7 18 28 30 
30 15 3 14 29 31 
31 15 5 17 30 32 35 41 
32 15 4 4 14 31 33 
33 15 6 1 4 6 32 34 37 
34 15 2 33 35 
35 15 6 1 4 10 14 31 34 
36 1 6 1 6 17 24 37 41 
37 6 6 3 5 33 36 38 39 
38 15 2 10 37 
39 15 3 37 40 41 
40 15 3 39 41 42 
41 15 13 3 9 17 18 20 21 23 25 31 36 39 40 42 
42 15 4 1 40 41 43 
43 15 2 42 44 
44 6 4 16 43 45 46 
45 6 2 44 46 
46 15 3 44 45 47 
47 15 2 46 48 
48 15 2 47 49 
49 6 1 48 
t 31 50 160
0 63 1 1 
1 6 3 0 2 36 
2 20 3 1 3 4 
3 20 2 2 4 
4 20 4 2 3 5 15 
5 20 6 4 6 11 23 29 35 
6 1 3 5 7 8 
7 15 1 6 
8 55 5 6 9 15 35 47 
9 1 4 8 10 14 36 
10 15 6 9 11 23 29 35 48 
11 20 4 5 10 12 36 
12 10 3 11 13 31 
13 20 2 12 14 
14 55 4 9 13 15 25 
15 1 7 4 8 14 16 17 32 36 
16 1 1 15 
17 15 3 15 18 30 
18 63 2 17 19 
19 6 2 18 20 
20 22 2 19 21 
21 8 2 20 22 
22 15 4 21 23 35 42 
23 15 4 5 10 22 24 
24 20 2 23 25 
25 15 4 14 24 26 36 
26 15 2 25 27 
27 15 2 26 28 
28 1 2 27 29 
29 22 5 5 10 28 30 36 
30 1 5 17 29 31 35 47 
31 5 3 12 30 32 
32 15 3 15 31 33 
33 15 2 32 34 
34 15 2 33 35 
35 22 7 5 8 10 22 30 34 36 
36 1 10 1 9 11 15 25 29 35 37 41 47 
37 20 3 36 38 39 
38 25 1 37 
39 15 2 37 40 
40 1 2 39 41 
41 55 3 36 40 42 
42 15 4 22 41 43 44 
43 15 2 42 44 
44 6 3 42 43 45 
45 5 2 44 46 
46 49 2 45 47 
47 20 5 8 30 36 46 48 
48 20 3 10 47 49 
49 1 1 48 
t 32 50 224
0 8 1 1 
1 20 4 0 2 3 7 
2 37 1 1 
3 55 6 1 4 11 14 19 21 
4 1 15 3 5 6 12 15 18 20 22 23 27 31 33 44 46 48 
5 20 2 4 14 
6 15 7 4 7 11 14 24 25 34 
7 1 8 1 6 8 12 15 25 46 47 
8 20 3 7 9 14 
9 55 3 8 10 27 
10 20 6 9 11 14 16 21 24 
11 1 4 3 6 10 12 
12 20 4 4 7 11 13 
13 1 2 12 14 
14 1 16 3 5 6 8 10 13 15 18 20 22 25 27 36 46 47 48 
15 22 6 4 7 14 16 24 34 
16 25 3 10 15 17 
17 20 2 16 18 
18 63 6 4 14 17 19 21 36 
19 55 7 3 18 20 23 37 47 48 
20 20 5 4 14 19 21 24 
21 15 7 3 10 18 20 22 23 27 
22 77 3 4 14 21 
23 20 4 4 19 21 24 
24 1 7 6 10 15 20 23 47 48 
25 15 5 6 7 14 26 36 
26 55 3 25 27 48 
27 4 8 4 9 14 21 26 28 43 45 
28 15 2 27 29 
29 1 2 28 30 
30 15 3 29 31 33 
31 1 3 4 30 32 
32 32 2 31 33 
33 1 4 4 30 32 34 
34 1 7 6 15 33 35 46 47 48 
35 45 2 34 36 
36 15 6 14 18 25 35 37 38 
37 15 3 19 36 47 
38 20 4 36 39 40 41 
39 22 2 38 40 
40 15 2 38 39 
41 10 2 38 42 
42 6 2 41 43 
43 6 4 27 42 44 46 
44 6 3 4 43 45 
45 23 3 27 44 46 
46 6 6 4 7 14 34 43 45 
47 20 6 7 14 19 24 34 37 
48 55 7 4 14 19 24 26 34 49 
49 15 1 48 
t 33 50 278
0 1 1 1 
1 15 2 0 2 
2 15 3 1 3 19 
3 1 5 2 4 7 16 32 
4 15 7 3 5 20 25 33 42 47 
5 20 3 4 6 7 
6 8 1 5 
7 20 14 3 5 8 9 11 13 15 20 22 25 33 40 45 48 
8 20 6 7 9 11 13 19 20 
9 1 16 7 8 10 16 18 19 21 22 32 37 39 41 42 43 46 49 
10 6 2 9 11 
11 1 9 7 8 10 12 16 21 27 44 49 
12 17 3 11 13 17 
13 55 11 7 8 12 14 17 26 32 37 43 44 49 
14 55 2 13 15 
15 16 3 7 14 16 
16 63 10 3 9 11 15 17 19 20 22 33 34 
17 15 7 12 13 16 18 20 34 42 
18 20 9 9 17 19 20 22 25 41 42 49 
19 1 9 2 8 9 16 18 27 32 35 49 
20 1 8 4 7 8 16 17 18 21 32 
21 23 5 9 11 20 22 33 
22 1 9 7 9 16 18 21 23 24 27 49 
23 34 1 22 
24 15 2 22 25 
25 20 12 4 7 18 24 26 27 34 37 41 42 43 49 
26 17 2 13 25 
27 1 6 11 19 22 25 28 33 
28 55 4 27 29 30 32 
29 6 1 28 
30 15 2 28 31 
31 68 2 30 32 
32 6 10 3 9 13 19 20 28 31 33 34 40 
33 55 10 4 7 16 21 27 32 34 35 43 49 
34 15 9 16 17 25 32 33 35 37 40 49 
35 62 7 19 33 34 36 40 43 47 
36 15 2 35 37 
37 6 7 9 13 25 34 36 38 47 
38 1 2 37 39 
39 16 3 9 38 40 
40 20 6 7 32 34 35 39 41 
41 22 5 9 18 25 40 42 
42 15 6 4 9 17 18 25 41 
43 20 6 9 13 25 33 35 44 
44 112 4 11 13 43 45 
45 15 3 7 44 46 
46 22 4 9 45 47 48 
47 55 4 4 35 37 46 
48 8 3 7 46 49 
49 6 10 9 11 13 18 19 22 25 33 34 48 
t 34 50 162
0 68 1 1 
1 1 2 0 2 
2 20 2 1 3 
3 15 3 2 4 27 
4 6 5 3 5 31 33 34 
5 47 4 4 6 26 34 
6 6 3 5 7 26 
7 8 3 6 8 40 
8 29 3 7 9 26 
9 15 3 8 10 11 
10 22 2 9 11 
11 15 7 9 10 12 15 18 20 37 
12 1 2 11 13 
13 6 2 12 14 
14 55 10 13 15 18 20 25 35 37 38 39 41 
15 55 4 11 14 16 24 
16 1 2 15 17 
17 16 2 16 18 
18 55 5 11 14 17 19 21 
19 20 2 18 20 
20 15 7 11 14 19 21 24 34 36 
21 62 3 18 20 22 
22 55 3 21 23 24 
23 1 1 22 
24 20 4 15 20 22 25 
25 15 4 14 24 26 41 
26 4 6 5 6 8 25 27 43 
27 15 4 3 26 28 29 
28 15 2 27 30 
29 8 1 27 
30 6 4 28 31 33 34 
31 23 4 4 30 32 33 
32 23 2 31 33 
33 6 5 4 30 31 32 34 
34 6 6 4 5 20 30 33 35 
35 15 3 14 34 36 
36 8 3 20 35 37 
37 15 3 11 14 36 
38 55 1 14 
39 1 2 14 40 
40 1 3 7 39 41 
41 15 4 14 25 40 42 
42 35 2 41 43 
43 6 6 26 42 44 45 46 47 
44 6 1 43 
45 23 2 43 46 
46 6 3 43 45 47 
47 20 3 43 46 48 
48 1 2 47 49 
49 1 1 48 
t 35 50 164
0 20 3 1 6 12 
1 15 3 0 2 7 
2 15 4 1 3 5 6 
3 15 2 2 4 
4 15 2 3 5 
5 15 3 2 4 6 
6 15 4 0 2 5 7 
7 20 3 1 6 8 
8 55 4 7 9 13 15 
9 20 3 8 10 29 
10 15 4 9 11 13 47 
11 6 2 10 12 
12 20 3 0 11 13 
13 20 5 8 10 12 14 31 
14 1 4 13 15 24 40 
15 15 5 8 14 16 31 41 
16 15 4 15 17 18 44 
17 20 1 16 
18 8 2 16 19 
19 1 3 18 20 22 
20 1 2 19 21 
21 22 8 20 22 25 31 32 33 39 48 
22 55 3 19 21 23 
23 22 2 22 24 
24 22 7 14 23 25 26 29 31 39 
25 15 3 21 24 26 
26 55 5 24 25 27 28 45 
27 25 1 26 
28 15 4 26 29 31 39 
29 15 4 9 24 28 30 
30 23 3 29 31 39 
31 1 8 13 15 21 24 28 30 38 42 
32 6 1 21 
33 0 2 21 34 
34 6 2 33 35 
35 20 3 34 36 37 
36 37 1 35 
37 1 2 35 38 
38 1 4 31 37 39 44 
39 55 8 21 24 28 30 38 40 42 43 
40 6 3 14 39 41 
41 20 3 15 40 42 
42 6 3 31 39 41 
43 50 2 39 44 
44 55 4 16 38 43 45 
45 1 3 26 44 46 
46 23 2 45 47 
47 1 3 10 46 48 
48 20 3 21 47 49 
49 0 1 48 
t 36 50 156
0 15 1 1 
1 15 2 0 2 
2 55 2 1 3 
3 5 2 2 4 
4 15 5 3 5 6 7 28 
5 16 2 4 29 
6 15 2 4 7 
7 15 4 4 6 8 21 
8 6 2 7 9 
9 20 2 8 10 
10 20 2 9 11 
11 1 8 10 12 16 22 23 26 30 33 
12 23 3 11 13 28 
13 1 6 12 14 16 18 27 29 
14 55 3 13 15 26 
15 15 2 14 16 
16 22 4 11 13 15 17 
17 55 5 16 18 22 23 38 
18 15 4 13 17 19 26 
19 15 5 18 20 29 30 33 
20 20 2 19 21 
21 20 3 7 20 22 
22 6 5 11 17 21 23 30 
23 15 4 11 17 22 24 
24 1 2 23 25 
25 6 2 24 26 
26 1 6 11 14 18 25 27 48 
27 22 3 13 26 28 
28 1 6 4 12 27 29 48 49 
29 15 4 5 13 19 28 
30 8 4 11 19 22 31 
31 20 2 30 32 
32 15 3 31 33 44 
33 15 4 11 19 32 34 
34 35 2 33 35 
35 20 2 34 36 
36 6 5 35 37 40 41 42 
37 1 2 36 38 
38 6 4 17 37 39 40 
39 15 2 38 40 
40 6 4 36 38 39 41 
41 6 2 36 40 
42 20 2 36 43 
43 15 2 42 44 
44 15 3 32 43 45 
45 85 2 44 46 
46 55 2 45 47 
47 6 2 46 48 
48 22 3 26 28 47 
49 1 1 28 
t 37 50 190
0 15 3 1 8 9 
1 15 9 0 2 5 9 11 13 18 20 41 
2 15 3 1 3 4 
3 63 1 2 
4 1 6 2 5 9 11 12 41 
5 15 6 1 4 6 42 44 46 
6 1 5 5 7 17 20 41 
7 56 4 6 8 13 28 
8 55 3 0 7 9 
9 15 7 0 1 4 8 10 24 42 
10 45 2 9 11 
11 22 9 1 4 10 12 14 24 28 30 42 
12 15 5 4 11 13 18 33 
13 15 6 1 7 12 14 26 30 
14 6 4 11 13 15 20 
15 6 3 14 16 26 
16 16 3 15 17 18 
17 20 2 6 16 
18 6 7 1 12 16 19 24 26 46 
19 55 2 18 20 
20 63 7 1 6 14 19 21 22 30 
21 4 1 20 
22 23 2 20 23 
23 1 2 22 24 
24 1 7 9 11 18 23 25 29 31 
25 15 3 24 26 28 
26 20 5 13 15 18 25 27 
27 57 4 26 28 44 48 
28 15 5 7 11 25 27 29 
29 6 3 24 28 30 
30 15 5 11 13 20 29 31 
31 22 3 24 30 32 
32 1 2 31 33 
33 20 4 12 32 34 35 
34 1 1 33 
35 35 2 33 36 
36 23 3 35 37 46 
37 15 3 36 38 39 
38 15 3 37 39 41 
39 15 3 37 38 40 
40 15 2 39 41 
41 15 6 1 4 6 38 40 42 
42 1 5 5 9 11 41 43 
43 15 2 42 44 
44 55 4 5 27 43 45 
45 6 2 44 46 
46 32 5 5 18 36 45 47 
47 170 2 46 48 
48 6 3 27 47 49 
49 15 1 48 
t 38 50 176
0 15 1 1 
1 1 5 0 2 3 4 44 
2 15 1 1 
3 22 1 1 
4 22 2 1 5 
5 77 2 4 6 
6 1 5 5 7 9 21 45 
7 6 3 6 8 16 
8 20 5 7 9 15 23 32 
9 15 4 6 8 10 33 
10 15 2 9 11 
11 15 2 10 12 
12 15 3 11 13 20 
13 32 2 12 14 
14 6 2 13 15 
15 102 4 8 14 16 44 
16 1 6 7 15 17 19 34 42 
17 0 4 16 18 20 37 
18 1 4 17 19 32 46 
19 63 6 16 18 20 35 41 44 
20 1 5 12 17 19 21 34 
21 15 3 6 20 22 
22 55 3 21 23 42 
23 20 4 8 22 24 26 
24 15 2 23 25 
25 15 5 24 26 28 29 30 
26 15 4 23 25 27 28 
27 15 3 26 28 30 
28 15 5 25 26 27 30 31 
29 15 2 25 30 
30 1 4 25 27 28 29 
31 15 2 28 32 
32 20 6 8 18 31 33 35 44 
33 1 3 9 32 34 
34 20 5 16 20 33 35 41 
35 15 5 19 32 34 36 38 
36 20 2 35 37 
37 72 4 17 36 38 47 
38 15 4 35 37 39 41 
39 55 2 38 40 
40 55 2 39 41 
41 15 5 19 34 38 40 42 
42 72 6 16 22 41 43 44 45 
43 81 1 42 
44 1 8 1 15 19 32 42 45 46 47 
45 15 4 6 42 44 46 
46 20 5 18 44 45 47 48 
47 20 4 37 44 46 48 
48 55 3 46 47 49 
49 8 1 48 
t 39 50 152
0 16 1 1 
1 15 2 0 2 
2 6 2 1 3 
3 22 2 2 4 
4 20 2 3 5 
5 1 5 4 6 7 8 9 
6 1 1 5 
7 25 1 5 
8 20 1 5 
9 1 3 5 10 25 
10 1 6 9 11 12 13 14 15 
11 15 5 10 12 13 14 15 
12 15 5 10 11 13 14 15 
13 47 5 10 11 12 15 29 
14 15 4 10 11 12 15 
15 15 7 10 11 12 13 14 16 49 
16 15 3 15 17 19 
17 56 2 16 18 
18 15 3 17 19 25 
19 15 5 16 18 20 21 49 
20 1 1 19 
21 20 2 19 22 
22 25 3 21 23 25 
23 20 3 22 24 36 
24 15 2 23 25 
25 1 8 9 18 22 24 26 28 34 36 
26 17 2 25 27 
27 6 2 26 28 
28 15 3 25 27 29 
29 6 3 13 28 30 
30 15 2 29 31 
31 23 2 30 32 
32 15 2 31 33 
33 15 3 32 34 36 
34 22 3 25 33 35 
35 22 2 34 36 
36 1 5 23 25 33 35 37 
37 15 4 36 38 43 44 
38 15 5 37 39 40 41 43 
39 72 1 38 
40 15 3 38 41 42 
41 15 3 38 40 42 
42 20 3 40 41 43 
43 15 4 37 38 42 44 
44 15 3 37 43 45 
45 55 3 44 46 48 
46 25 2 45 47 
47 15 2 46 48 
48 1 3 45 47 49 
49 15 3 15 19 48 
t 40 50 168
0 15 1 1 
1 6 4 0 2 16 18 
2 6 2 1 3 
3 22 8 2 4 5 7 11 21 28 45 
4 23 1 3 
5 55 3 3 6 13 
6 6 5 5 7 9 11 21 
7 15 4 3 6 8 46 
8 62 3 7 9 37 
9 15 3 6 8 10 
10 6 2 9 11 
11 1 6 3 6 10 12 13 22 
12 15 1 11 
13 20 6 5 11 14 21 28 45 
14 72 2 13 15 
15 1 5 14 16 18 21 47 
16 55 4 1 15 17 36 
17 15 2 16 18 
18 22 6 1 15 17 19 20 46 
19 5 2 18 21 
20 1 2 18 21 
21 1 10 3 6 13 15 19 20 22 29 41 46 
22 1 3 11 21 23 
23 63 3 22 24 30 
24 6 3 23 25 28 
25 15 3 24 26 29 
26 15 3 25 27 28 
27 22 1 26 
28 15 6 3 13 24 26 29 46 
29 22 4 21 25 28 30 
30 15 4 23 29 31 33 
31 15 2 30 32 
32 15 3 31 33 34 
33 15 2 30 32 
34 15 2 32 35 
35 55 2 34 36 
36 1 5 16 35 37 40 42 
37 20 4 8 36 38 46 
38 8 3 37 39 40 
39 6 1 38 
40 15 3 36 38 41 
41 55 4 21 40 42 47 
42 62 4 36 41 43 44 
43 6 1 42 
44 63 2 42 45 
45 15 4 3 13 44 46 
46 1 7 7 18 21 28 37 45 47 
47 63 4 15 41 46 48 
48 15 2 47 49 
49 20 1 48 
t 41 50 188
0 1 1 1 
1 22 4 0 2 10 16 
2 15 2 1 3 
3 6 4 2 4 16 43 
4 55 4 3 5 41 46 
5 15 4 4 6 8 22 
6 55 4 5 7 9 48 
7 15 4 6 8 16 43 
8 1 6 5 7 9 15 44 46 
9 8 3 6 8 10 
10 8 4 1 9 11 23 
11 15 4 10 12 13 43 
12 1 2 11 13 
13 1 3 11 12 14 
14 22 6 13 15 18 38 39 41 
15 55 6 8 14 16 17 22 43 
16 1 6 1 3 7 15 41 46 
17 15 2 15 18 
18 6 3 14 17 19 
19 20 2 18 20 
20 6 2 19 21 
21 15 2 20 22 
22 15 4 5 15 21 23 
23 6 5 10 22 24 25 36 
24 4 2 23 25 
25 6 3 23 24 26 
26 15 7 25 27 28 29 30 31 43 
27 15 4 26 28 32 33 
28 15 5 26 27 29 30 31 
29 15 6 26 28 30 31 32 33 
30 15 6 26 28 29 31 32 33 
31 6 5 26 28 29 30 32 
32 132 5 27 29 30 31 34 
33 15 4 27 29 30 34 
34 6 4 32 33 35 36 
35 6 2 34 36 
36 6 4 23 34 35 37 
37 15 2 36 38 
38 15 2 14 37 
39 20 3 14 40 47 
40 55 2 39 41 
41 15 6 4 14 16 40 42 43 
42 15 1 41 
43 1 9 3 7 11 15 26 41 44 46 48 
44 23 3 8 43 45 
45 15 2 44 46 
46 63 6 4 8 16 43 45 47 
47 20 3 39 46 48 
48 63 4 6 43 47 49 
49 20 1 48 
t 42 50 158
0 15 2 1 3 
1 20 2 0 2 
2 15 3 1 3 4 
3 15 3 0 2 4 
4 15 3 2 3 5 
5 1 2 4 6 
6 1 3 5 7 8 
7 1 2 6 8 
8 1 4 6 7 9 10 
9 6 2 8 13 
10 1 5 8 11 12 13 14 
11 1 1 10 
12 55 1 10 
13 1 2 9 10 
14 20 2 10 15 
15 8 2 14 16 
16 1 7 15 17 18 19 21 27 39 
17 7 6 16 18 20 24 26 49 
18 23 6 16 17 19 34 39 45 
19 1 7 16 18 20 22 26 33 38 
20 20 3 17 19 21 
21 55 4 16 20 22 24 
22 6 4 19 21 23 34 
23 15 2 22 24 
24 20 5 17 21 23 25 42 
25 55 3 24 26 28 
26 63 5 17 19 25 27 45 
27 55 4 16 26 28 46 
28 1 3 25 27 29 
29 16 2 28 30 
30 3 2 29 31 
31 15 2 30 32 
32 94 2 31 33 
33 15 4 19 32 34 39 
34 55 7 18 22 33 35 38 43 44 
35 22 3 34 36 37 
36 55 1 35 
37 20 2 35 38 
38 15 4 19 34 37 39 
39 55 6 16 18 33 38 40 41 
40 55 1 39 
41 20 2 39 42 
42 55 4 24 41 43 46 
43 20 2 34 42 
44 6 2 34 45 
45 1 4 18 26 44 46 
46 15 4 27 42 45 47 
47 23 2 46 48 
48 22 2 47 49 
49 15 2 17 48 
t 43 50 186
0 112 1 1 
1 6 3 0 2 14 
2 102 2 1 3 
3 1 6 2 4 13 15 17 27 
4 6 5 3 5 10 12 15 
5 6 5 4 6 8 9 15 
6 4 3 5 7 10 
7 6 2 6 8 
8 23 4 5 7 10 12 
9 15 2 5 10 
10 6 7 4 6 8 9 11 13 15 
11 6 3 10 12 15 
12 6 4 4 8 11 13 
13 23 7 3 10 12 14 18 23 24 
14 55 8 1 13 15 17 20 22 31 39 
15 6 9 3 4 5 10 11 14 16 21 40 
16 15 3 15 17 20 
17 6 5 3 14 16 18 30 
18 55 5 13 17 19 20 27 
19 15 3 18 20 22 
20 15 5 14 16 18 19 21 
21 55 5 15 20 22 27 33 
22 15 4 14 19 21 23 
23 15 6 13 22 24 25 35 47 
24 55 3 13 23 25 
25 20 4 23 24 26 48 
26 6 2 25 27 
27 15 6 3 18 21 26 28 36 
28 15 3 27 29 31 
29 20 2 28 30 
30 55 3 17 29 31 
31 15 4 14 28 30 32 
32 1 2 31 33 
33 1 3 21 32 34 
34 6 2 33 35 
35 4 5 23 34 36 44 48 
36 15 3 27 35 37 
37 1 2 36 38 
38 20 3 37 39 44 
39 20 4 14 38 40 44 
40 16 3 15 39 41 
41 20 2 40 42 
42 20 4 41 43 44 45 
43 6 1 42 
44 55 4 35 38 39 42 
45 15 4 42 46 47 48 
46 6 1 45 
47 35 3 23 45 48 
48 6 5 25 35 45 47 49 
49 6 1 48 
t 44 50 156
0 10 1 1 
1 20 3 0 2 3 
2 4 1 1 
3 15 4 1 4 7 48 
4 22 5 3 5 6 10 47 
5 1 1 4 
6 6 2 4 7 
7 5 4 3 6 8 39 
8 1 2 7 9 
9 23 3 8 10 14 
10 15 4 4 9 11 48 
11 15 2 10 12 
12 15 2 11 13 
13 20 4 12 14 35 45 
14 1 5 9 13 15 26 29 
15 23 3 14 16 33 
16 88 2 15 17 
17 15 2 16 18 
18 109 3 17 19 25 
19 22 3 18 20 40 
20 6 4 19 21 22 23 
21 35 1 20 
22 10 1 20 
23 55 2 20 24 
24 20 5 23 25 35 41 43 
25 20 6 18 24 26 30 34 44 
26 22 3 14 25 27 
27 6 5 26 28 29 30 34 
28 4 2 27 35 
29 63 5 14 27 35 43 45 
30 6 3 25 27 31 
31 1 2 30 32 
32 55 3 31 33 40 
33 20 3 15 32 34 
34 17 4 25 27 33 35 
35 20 7 13 24 28 29 34 36 40 
36 15 2 35 37 
37 72 2 36 38 
38 20 3 37 39 45 
39 1 3 7 38 40 
40 22 6 19 32 35 39 41 43 
41 15 3 24 40 42 
42 94 2 41 43 
43 1 5 24 29 40 42 44 
44 20 3 25 43 45 
45 55 5 13 29 38 44 46 
46 5 2 45 47 
47 1 3 4 46 48 
48 63 4 3 10 47 49 
49 63 1 48 
t 45 50 174
0 15 1 1 
1 1 7 0 2 11 23 31 42 47 
2 6 8 1 3 4 6 7 24 28 43 
3 23 1 2 
4 6 4 2 5 6 8 
5 6 4 4 6 7 42 
6 6 4 2 4 5 7 
7 22 5 2 5 6 8 42 
8 32 4 4 7 9 42 
9 4 4 8 10 11 49 
10 8 1 9 
11 6 4 1 9 12 43 
12 15 2 11 13 
13 55 3 12 14 43 
14 7 2 13 15 
15 15 2 14 16 
16 15 2 15 17 
17 20 2 16 18 
18 16 2 17 19 
19 55 4 18 20 21 43 
20 50 2 19 21 
21 55 4 19 20 22 43 
22 5 2 21 23 
23 20 6 1 22 24 28 43 48 
24 15 6 2 23 25 27 31 35 
25 10 2 24 26 
26 1 2 25 27 
27 15 3 24 26 28 
28 1 5 2 23 27 29 31 
29 20 4 28 30 43 48 
30 1 3 29 31 49 
31 63 6 1 24 28 30 32 35 
32 15 2 31 33 
33 1 3 32 34 45 
34 3 2 33 35 
35 1 4 24 31 34 36 
36 20 3 35 37 38 
37 130 1 36 
38 61 3 36 39 40 
39 61 1 38 
40 1 2 38 41 
41 20 3 40 42 49 
42 4 7 1 5 7 8 41 43 48 
43 1 10 2 11 13 19 21 23 29 42 44 49 
44 22 3 43 45 48 
45 15 3 33 44 46 
46 15 2 45 47 
47 23 3 1 46 48 
48 20 6 23 29 42 44 47 49 
49 20 5 9 30 41 43 48 
t 46 50 160
0 55 1 1 
1 10 2 0 2 
2 20 4 1 3 4 25 
3 55 1 2 
4 22 3 2 5 35 
5 0 4 4 6 15 18 
6 6 2 5 7 
7 15 2 6 8 
8 20 5 7 9 14 20 44 
9 15 6 8 10 11 14 15 16 
10 37 1 9 
11 1 4 9 12 26 48 
12 6 2 11 13 
13 7 3 12 14 44 
14 1 7 8 9 13 15 21 25 47 
15 20 6 5 9 14 22 35 38 
16 1 2 9 17 
17 6 2 16 18 
18 8 5 5 17 19 20 22 
19 5 1 18 
20 20 6 8 18 21 34 45 49 
21 25 4 14 20 22 48 
22 1 4 15 18 21 23 
23 20 2 22 24 
24 1 3 23 25 26 
25 7 6 2 14 24 26 44 48 
26 22 5 11 24 25 27 47 
27 1 2 26 28 
28 20 2 27 29 
29 0 2 28 30 
30 15 2 29 31 
31 15 2 30 32 
32 1 2 31 33 
33 15 4 32 34 47 48 
34 16 4 20 33 35 48 
35 22 4 4 15 34 36 
36 5 2 35 37 
37 94 2 36 38 
38 5 3 15 37 39 
39 15 5 38 40 41 42 43 
40 63 1 39 
41 22 2 39 42 
42 35 2 39 41 
43 1 2 39 44 
44 1 5 8 13 25 43 45 
45 1 3 20 44 46 
46 20 2 45 47 
47 15 5 14 26 33 46 48 
48 15 7 11 21 25 33 34 47 49 
49 55 2 20 48 
t 47 50 198
0 1 1 1 
1 15 3 0 2 3 
2 37 1 1 
3 15 8 1 4 8 31 32 34 38 44 
4 1 4 3 5 7 24 
5 4 3 4 6 48 
6 20 1 5 
7 1 2 4 8 
8 62 5 3 7 9 28 30 
9 15 5 8 10 18 31 34 
10 15 3 9 11 20 
11 6 4 10 12 18 33 
12 6 3 11 13 17 
13 23 6 12 14 15 16 17 19 
14 20 1 13 
15 6 4 13 16 18 48 
16 6 5 13 15 17 18 19 
17 16 4 12 13 16 18 
18 6 7 9 11 15 16 17 19 24 
19 6 4 13 16 18 20 
20 6 3 10 19 21 
21 15 2 20 22 
22 15 2 21 23 
23 6 3 22 24 28 
24 1 9 4 18 23 25 32 36 38 44 46 
25 37 3 24 26 43 
26 6 4 25 27 34 46 
27 20 3 26 28 30 
28 1 7 8 23 27 29 38 46 47 
29 0 2 28 30 
30 1 6 8 27 29 31 32 38 
31 68 7 3 9 30 33 35 43 47 
32 20 5 3 24 30 33 47 
33 1 4 11 31 32 34 
34 23 7 3 9 26 33 35 38 39 
35 10 3 31 34 36 
36 109 4 24 35 37 38 
37 15 2 36 38 
38 15 10 3 24 28 30 34 36 37 39 44 47 
39 16 3 34 38 40 
40 15 3 39 41 47 
41 15 2 40 42 
42 15 2 41 43 
43 6 4 25 31 42 44 
44 102 5 3 24 38 43 45 
45 22 2 44 46 
46 6 5 24 26 28 45 47 
47 1 8 28 31 32 38 40 46 48 49 
48 6 3 5 15 47 
49 8 1 47 
t 48 50 264
0 15 1 1 
1 15 4 0 2 3 41 
2 1 1 1 
3 15 2 1 4 
4 15 11 3 5 7 9 20 26 37 39 44 46 48 
5 20 10 4 6 8 10 12 37 38 43 44 45 
6 1 11 5 7 9 13 26 28 30 36 39 44 48 
7 15 5 4 6 8 27 45 
8 55 16 5 7 9 13 14 26 28 30 32 33 34 36 37 39 42 44 
9 23 9 4 6 8 10 27 31 38 41 45 
10 1 3 5 9 11 
11 112 2 10 12 
12 1 4 5 11 13 14 
13 102 6 6 8 12 35 43 45 
14 15 5 8 12 15 17 19 
15 6 2 14 16 
16 22 2 15 17 
17 6 4 14 16 18 24 
18 20 3 17 19 33 
19 23 3 14 18 20 
20 6 5 4 19 21 27 41 
21 1 4 20 22 23 24 
22 20 1 21 
23 1 1 21 
24 15 4 17 21 25 42 
25 55 3 24 26 37 
26 37 6 4 6 8 25 27 41 
27 1 9 7 9 20 26 28 39 42 44 48 
28 20 6 6 8 27 29 37 41 
29 15 2 28 30 
30 15 6 6 8 29 31 37 46 
31 1 6 9 30 32 42 44 48 
32 15 3 8 31 41 
33 15 4 8 18 34 35 
34 1 2 8 33 
35 16 5 13 33 36 42 44 
36 15 4 6 8 35 37 
37 15 13 4 5 8 25 28 30 36 38 39 42 43 44 45 
38 25 6 5 9 37 39 42 44 
39 20 8 4 6 8 27 37 38 40 41 
40 15 2 39 44 
41 1 8 1 9 20 26 28 32 39 42 
42 20 10 8 24 27 31 35 37 38 41 43 45 
43 55 6 5 13 37 42 44 48 
44 1 12 4 5 6 8 27 31 35 37 38 40 43 45 
45 15 9 5 7 9 13 37 42 44 46 48 
46 55 4 4 30 45 47 
47 61 2 46 48 
48 63 8 4 6 27 31 43 45 47 49 
49 15 1 48 
t 49 50 178
0 1 1 1 
1 24 2 0 2 
2 1 2 1 3 
3 0 2 2 4 
4 1 8 3 5 10 15 19 21 23 30 
5 45 4 4 6 7 8 
6 1 1 5 
7 37 1 5 
8 1 12 5 9 12 13 17 19 23 26 28 30 32 33 
9 15 2 8 10 
10 72 5 4 9 11 16 18 
11 6 5 10 12 19 28 44 
12 23 2 8 11 
13 15 2 8 14 
14 10 2 13 15 
15 15 5 4 14 16 18 20 
16 55 5 10 15 17 19 30 
17 20 4 8 16 18 20 
18 1 6 10 15 17 19 21 23 
19 22 8 4 8 11 16 18 20 25 33 
20 15 5 15 17 19 21 28 
21 1 5 4 18 20 22 25 
22 1 2 21 23 
23 63 5 4 8 18 22 24 
24 15 1 23 
25 15 3 19 21 26 
26 20 4 8 25 27 33 
27 20 2 26 28 
28 20 6 8 11 20 27 29 31 
29 16 2 28 30 
30 1 5 4 8 16 29 31 
31 55 3 28 30 32 
32 20 3 8 31 33 
33 6 5 8 19 26 32 34 
34 20 2 33 35 
35 6 5 34 36 37 41 43 
36 6 3 35 37 43 
37 1 4 35 36 38 43 
38 88 3 37 39 40 
39 15 2 38 40 
40 15 3 38 39 41 
41 15 3 35 40 42 
42 20 1 41 
43 63 5 35 36 37 44 46 
44 15 4 11 43 45 46 
45 6 1 44 
46 6 4 43 44 47 49 
47 15 3 46 48 49 
48 15 2 47 49 
49 15 3 46 47 48 
t 50 50 206
0 20 1 1 
1 23 7 0 2 3 8 22 26 36 
2 55 1 1 
3 7 3 1 4 39 
4 20 5 3 5 25 31 38 
5 20 2 4 6 
6 6 2 5 7 
7 20 5 6 8 10 28 38 
8 55 7 1 7 9 19 32 46 47 
9 20 5 8 10 22 36 38 
10 1 9 7 9 11 25 27 30 35 37 43 
11 20 4 10 12 22 26 
12 15 2 11 13 
13 6 3 12 14 39 
14 156 3 13 15 16 
15 10 1 14 
16 15 3 14 17 20 
17 15 3 16 18 19 
18 15 2 17 19 
19 22 5 8 17 18 20 21 
20 15 3 16 19 21 
21 15 5 19 20 22 31 37 
22 1 7 1 9 11 21 23 32 37 
23 63 2 22 24 
24 15 4 23 25 32 35 
25 20 6 4 10 24 26 36 38 
26 1 7 1 11 25 27 32 37 39 
27 22 5 10 26 28 38 48 
28 10 3 7 27 29 
29 20 3 28 30 36 
30 37 4 10 29 31 36 
31 68 6 4 21 30 32 37 39 
32 72 10 8 22 24 26 31 33 34 36 38 48 
33 15 2 32 34 
34 15 4 32 33 35 38 
35 63 5 10 24 34 36 38 
36 1 9 1 9 25 29 30 32 35 37 43 
37 6 9 10 21 22 26 31 36 38 41 42 
38 1 10 4 7 9 25 27 32 34 35 37 39 
39 15 6 3 13 26 31 38 40 
40 37 2 39 41 
41 22 2 37 40 
42 15 2 37 43 
43 6 4 10 36 42 44 
44 6 2 43 45 
45 1 2 44 46 
46 1 2 8 45 
47 15 2 8 48 
48 20 4 27 32 47 49 
49 20 1 48 
t 51 50 170
0 1 3 1 4 6 
1 1 7 0 2 3 5 8 12 49 
2 97 1 1 
3 23 2 1 4 
4 55 7 0 3 5 8 30 42 46 
5 20 3 1 4 6 
6 55 7 0 5 7 8 12 42 48 
7 20 2 6 8 
8 20 5 1 4 6 7 9 
9 15 4 8 10 30 42 
10 20 3 9 11 47 
11 35 2 10 12 
12 6 4 1 6 11 13 
13 15 2 12 14 
14 15 2 13 15 
15 15 3 14 16 17 
16 49 1 15 
17 15 5 15 18 19 20 21 
18 15 2 17 19 
19 20 3 17 18 20 
20 15 2 17 19 
21 15 4 17 22 23 30 
22 15 8 21 23 24 25 26 28 29 30 
23 15 6 21 22 24 26 28 29 
24 15 4 22 23 28 29 
25 22 1 22 
26 15 5 22 23 27 28 30 
27 20 1 26 
28 15 6 22 23 24 26 29 30 
29 15 5 22 23 24 28 30 
30 15 8 4 9 21 22 26 28 29 31 
31 15 2 30 32 
32 15 2 31 33 
33 15 4 32 34 35 36 
34 15 3 33 35 36 
35 15 2 33 34 
36 1 7 33 34 37 38 39 41 44 
37 6 1 36 
38 8 2 36 42 
39 8 2 36 40 
40 37 1 39 
41 6 2 36 42 
42 22 6 4 6 9 38 41 43 
43 6 2 42 44 
44 1 3 36 43 45 
45 20 2 44 46 
46 20 3 4 45 47 
47 20 3 10 46 48 
48 20 3 6 47 49 
49 17 2 1 48 
t 52 50 154
0 42 1 1 
1 22 7 0 2 6 8 26 37 41 
2 15 5 1 3 10 17 18 
3 94 2 2 4 
4 20 2 3 5 
5 20 2 4 6 
6 1 3 1 5 7 
7 55 3 6 8 15 
8 1 3 1 7 9 
9 20 4 8 10 17 36 
10 1 7 2 9 11 12 20 37 43 
11 6 1 10 
12 6 2 10 13 
13 68 3 12 14 18 
14 1 2 13 15 
15 55 5 7 14 16 21 36 
16 15 4 15 17 18 41 
17 55 4 2 9 16 18 
18 72 6 2 13 16 17 19 41 
19 1 3 18 20 41 
20 1 4 10 19 21 40 
21 63 4 15 20 22 37 
22 1 2 21 23 
23 6 3 22 24 26 
24 1 2 23 25 
25 45 2 24 26 
26 1 6 1 23 25 27 36 40 
27 20 5 26 28 29 31 37 
28 10 1 27 
29 16 2 27 30 
30 1 1 29 
31 20 3 27 32 35 
32 1 3 31 33 34 
33 6 1 32 
34 80 1 32 
35 55 2 31 36 
36 1 5 9 15 26 35 37 
37 20 7 1 10 21 27 36 38 46 
38 6 2 37 39 
39 1 2 38 40 
40 15 4 20 26 39 41 
41 1 6 1 16 18 19 40 42 
42 25 2 41 43 
43 6 3 10 42 44 
44 16 3 43 45 46 
45 102 1 44 
46 22 3 37 44 47 
47 15 3 46 48 49 
48 22 1 47 
49 6 1 47 
t 53 50 156
0 55 1 1 
1 37 2 0 2 
2 15 3 1 3 4 
3 10 1 2 
4 15 3 2 5 6 
5 15 2 4 49 
6 22 6 4 7 15 29 32 38 
7 7 2 6 8 
8 1 6 7 9 14 34 36 44 
9 22 6 8 10 30 35 36 42 
10 5 2 9 11 
11 42 2 10 12 
12 55 3 11 13 40 
13 55 2 12 14 
14 55 4 8 13 15 26 
15 15 5 6 14 16 21 36 
16 29 2 15 17 
17 15 2 16 18 
18 15 2 17 19 
19 6 2 18 20 
20 16 2 19 21 
21 15 3 15 20 22 
22 57 2 21 23 
23 6 2 22 24 
24 6 5 23 25 36 41 46 
25 1 2 24 26 
26 63 3 14 25 27 
27 20 2 26 28 
28 15 3 27 29 41 
29 1 3 6 28 30 
30 15 6 9 29 31 34 36 41 
31 55 2 30 32 
32 6 5 6 31 33 34 36 
33 55 3 32 39 40 
34 6 4 8 30 32 35 
35 4 3 9 34 36 
36 1 9 8 9 15 24 30 32 35 37 42 
37 5 2 36 38 
38 20 4 6 37 39 49 
39 63 2 33 38 
40 1 3 12 33 41 
41 1 6 24 28 30 40 42 49 
42 1 5 9 36 41 43 44 
43 1 1 42 
44 1 3 8 42 45 
45 15 2 44 46 
46 1 3 24 45 47 
47 6 2 46 48 
48 6 2 47 49 
49 20 4 5 38 41 48 
t 54 50 158
0 15 2 1 3 
1 1 5 0 2 22 26 30 
2 20 2 1 3 
3 20 4 0 2 4 26 
4 8 3 3 5 25 
5 55 4 4 6 26 40 
6 6 4 5 7 8 25 
7 55 1 6 
8 15 2 6 9 
9 15 2 8 10 
10 15 2 9 11 
11 15 2 10 12 
12 20 3 11 13 17 
13 1 2 12 14 
14 1 2 13 15 
15 15 4 14 16 17 18 
16 55 1 15 
17 15 4 12 15 18 19 
18 15 3 15 17 19 
19 15 3 17 18 20 
20 1 2 19 21 
21 6 2 20 22 
22 20 5 1 21 23 27 29 
23 1 6 22 24 26 28 30 39 
24 63 4 23 25 37 39 
25 55 4 4 6 24 26 
26 1 9 1 3 5 23 25 27 30 37 39 
27 6 3 22 26 28 
28 15 3 23 27 29 
29 55 3 22 28 30 
30 15 6 1 23 26 29 31 32 
31 15 1 30 
32 1 2 30 33 
33 1 3 32 34 39 
34 55 3 33 35 40 
35 94 3 34 36 37 
36 5 1 35 
37 20 5 24 26 35 38 40 
38 1 2 37 39 
39 22 6 23 24 26 33 38 40 
40 6 5 5 34 37 39 41 
41 6 2 40 42 
42 23 3 41 43 45 
43 15 4 42 44 45 47 
44 15 3 43 45 46 
45 132 4 42 43 44 46 
46 15 3 44 45 47 
47 15 3 43 46 48 
48 6 2 47 49 
49 20 1 48 
t 55 50 206
0 24 1 1 
1 24 2 0 2 
2 6 3 1 3 5 
3 1 2 2 4 
4 0 1 3 
5 1 6 2 6 7 8 11 39 
6 72 1 5 
7 68 1 5 
8 16 2 5 9 
9 6 2 8 10 
10 74 1 9 
11 15 3 5 12 14 
12 132 3 11 13 14 
13 15 2 12 14 
14 6 4 11 12 13 15 
15 23 4 14 16 41 46 
16 6 2 15 17 
17 72 10 16 18 25 27 29 35 39 46 47 49 
18 55 6 17 19 24 28 32 44 
19 15 5 18 20 25 31 43 
20 6 2 19 21 
21 6 3 20 22 27 
22 15 4 21 23 24 44 
23 55 4 22 29 31 44 
24 63 7 18 22 25 27 35 39 46 
25 1 4 17 19 24 26 
26 15 3 25 27 39 
27 63 9 17 21 24 26 28 30 32 38 44 
28 1 6 18 27 29 31 35 41 
29 55 8 17 23 28 30 32 36 44 47 
30 20 5 27 29 31 35 43 
31 1 7 19 23 28 30 32 34 36 
32 15 6 18 27 29 31 33 46 
33 25 2 32 34 
34 1 4 31 33 35 39 
35 1 7 17 24 28 30 34 36 47 
36 6 5 29 31 35 37 38 
37 55 1 36 
38 6 3 27 36 39 
39 1 10 5 17 24 26 34 38 40 44 46 49 
40 15 2 39 41 
41 1 5 15 28 40 42 46 
42 20 2 41 43 
43 1 5 19 30 42 44 47 
44 15 10 18 22 23 27 29 39 43 45 46 48 
45 6 1 44 
46 1 8 15 17 24 32 39 41 44 47 
47 15 6 17 29 35 43 46 48 
48 55 3 44 47 49 
49 1 3 17 39 48 
t 56 50 166
0 6 1 1 
1 15 8 0 2 3 4 5 6 7 8 
2 133 1 1 
3 6 3 1 4 5 
4 15 3 1 3 5 
5 6 3 1 3 4 
6 23 1 1 
7 15 3 1 8 9 
8 29 3 1 7 9 
9 15 4 7 8 10 28 
10 25 2 9 11 
11 1 2 10 12 
12 6 2 11 13 
13 23 2 12 14 
14 1 2 13 15 
15 1 3 14 16 30 
16 6 11 15 17 18 21 22 34 37 41 43 45 47 
17 6 2 16 18 
18 6 7 16 17 19 35 38 39 47 
19 20 2 18 20 
20 20 2 19 21 
21 1 6 16 20 24 30 34 39 
22 23 3 16 23 34 
23 6 2 22 24 
24 1 5 21 23 25 26 27 
25 5 1 24 
26 20 1 24 
27 62 2 24 28 
28 15 4 9 27 29 33 
29 20 2 28 30 
30 1 4 15 21 29 31 
31 1 2 30 32 
32 15 2 31 33 
33 55 3 28 32 34 
34 6 8 16 21 22 33 35 38 43 46 
35 23 8 18 34 36 43 44 45 46 47 
36 6 2 35 37 
37 23 5 16 36 38 39 47 
38 6 4 18 34 37 39 
39 6 6 18 21 37 38 40 41 
40 6 2 39 41 
41 6 4 16 39 40 42 
42 23 1 41 
43 23 3 16 34 35 
44 10 1 35 
45 23 4 16 35 46 47 
46 63 4 34 35 45 47 
47 170 7 16 18 35 37 45 46 48 
48 1 2 47 49 
49 6 1 48 
t 57 50 190
0 3 2 1 30 
1 1 2 0 2 
2 20 2 1 3 
3 61 3 2 4 5 
4 1 2 3 5 
5 55 5 3 4 6 7 30 
6 50 2 5 7 
7 55 4 5 6 8 31 
8 15 5 7 9 22 23 37 
9 15 3 8 10 11 
10 1 3 9 11 12 
11 1 4 9 10 12 21 
12 1 3 10 11 13 
13 22 2 12 14 
14 20 7 13 15 16 18 31 33 39 
15 20 1 14 
16 6 2 14 17 
17 15 2 16 18 
18 68 4 14 17 19 20 
19 10 1 18 
20 6 4 18 21 33 39 
21 55 7 11 20 22 23 40 44 49 
22 20 3 8 21 37 
23 1 5 8 21 24 31 39 
24 15 2 23 25 
25 15 5 24 26 28 31 39 
26 15 3 25 27 28 
27 15 1 26 
28 22 3 25 26 29 
29 15 2 28 30 
30 6 5 0 5 29 31 48 
31 1 13 7 14 23 25 30 32 36 37 40 42 44 46 48 
32 37 2 31 33 
33 1 8 14 20 32 34 37 44 46 48 
34 20 3 33 35 39 
35 20 4 34 36 44 46 
36 6 4 31 35 37 44 
37 15 7 8 22 31 33 36 38 39 
38 15 1 37 
39 1 7 14 20 23 25 34 37 40 
40 15 4 21 31 39 41 
41 22 4 40 42 44 46 
42 15 4 31 41 43 45 
43 8 2 42 44 
44 6 9 21 31 33 35 36 41 43 45 47 
45 6 3 42 44 46 
46 6 6 31 33 35 41 45 47 
47 20 3 44 46 48 
48 20 5 30 31 33 47 49 
49 20 2 21 48 
t 58 50 224
0 10 2 1 5 
1 23 2 0 2 
2 5 3 1 3 41 
3 1 5 2 4 5 26 42 
4 61 1 3 
5 20 10 0 3 6 7 9 22 24 26 28 37 
6 55 3 5 7 11 
7 15 12 5 6 8 9 10 11 14 15 21 22 32 36 
8 15 6 7 9 10 11 14 15 
9 15 7 5 7 8 10 11 14 15 
10 15 4 7 8 9 11 
11 72 9 6 7 8 9 10 12 13 35 37 
12 112 1 11 
13 72 2 11 14 
14 15 7 7 8 9 13 15 33 37 
15 15 5 7 8 9 14 16 
16 22 3 15 17 41 
17 22 4 16 18 29 45 
18 1 6 17 19 28 35 37 40 
19 1 6 18 20 21 23 32 41 
20 20 4 19 28 35 37 
21 20 7 7 19 22 24 26 28 35 
22 25 4 5 7 21 23 
23 1 4 19 22 24 33 
24 20 4 5 21 23 25 
25 20 2 24 26 
26 63 6 3 5 21 25 27 38 
27 20 2 26 28 
28 1 9 5 18 20 21 27 29 34 41 45 
29 6 6 17 28 30 33 43 44 
30 20 3 29 31 45 
31 20 2 30 32 
32 20 5 7 19 31 33 35 
33 7 7 14 23 29 32 34 36 45 
34 20 4 28 33 35 40 
35 1 9 11 18 20 21 32 34 36 41 46 
36 6 4 7 33 35 37 
37 20 8 5 11 14 18 20 36 38 39 
38 6 2 26 37 
39 1 3 37 40 41 
40 55 3 18 34 39 
41 20 6 2 16 19 28 35 39 
42 49 2 3 43 
43 22 3 29 42 45 
44 6 2 29 45 
45 6 7 17 28 30 33 43 44 46 
46 4 3 35 45 47 
47 32 3 46 48 49 
48 23 1 47 
49 6 1 47 
t 59 50 166
0 15 2 1 2 
1 15 1 0 
2 22 2 0 3 
3 1 4 2 4 18 26 
4 20 7 3 5 9 14 19 42 46 
5 1 5 4 6 26 28 47 
6 20 4 5 7 8 12 
7 6 7 6 12 13 20 26 45 47 
8 1 2 6 9 
9 20 4 4 8 10 26 
10 63 4 9 11 42 46 
11 55 2 10 12 
12 6 5 6 7 11 13 49 
13 15 6 7 12 14 17 26 46 
14 20 7 4 13 15 16 18 20 47 
15 8 1 14 
16 15 2 14 17 
17 6 4 13 16 18 49 
18 55 4 3 14 17 19 
19 16 3 4 18 20 
20 55 4 7 14 19 21 
21 6 2 20 22 
22 6 2 21 23 
23 5 3 22 24 25 
24 17 1 23 
25 17 4 23 26 28 42 
26 55 9 3 5 7 9 13 25 27 42 46 
27 15 3 26 28 49 
28 22 4 5 25 27 29 
29 20 6 28 30 31 32 33 34 
30 1 1 29 
31 1 1 29 
32 37 1 29 
33 22 1 29 
34 10 3 29 35 36 
35 32 1 34 
36 55 2 34 37 
37 6 2 36 38 
38 4 2 37 39 
39 37 3 38 40 41 
40 6 1 39 
41 20 2 39 42 
42 20 6 4 10 25 26 41 43 
43 68 2 42 44 
44 22 2 43 45 
45 15 3 7 44 46 
46 15 7 4 10 13 26 45 47 49 
47 15 5 5 7 14 46 48 
48 6 2 47 49 
49 15 5 12 17 27 46 48 
t 60 50 160
0 37 1 1 
1 1 5 0 2 4 22 24 
2 15 2 1 3 
3 15 5 2 4 26 31 41 
4 55 5 1 3 5 6 45 
5 20 3 4 26 44 
6 15 2 4 7 
7 15 2 6 8 
8 15 2 7 9 
9 109 3 8 10 21 
10 34 3 9 11 44 
11 6 3 10 12 45 
12 6 4 11 13 15 34 
13 6 4 12 14 15 34 
14 47 2 13 15 
15 6 6 12 13 14 16 25 31 
16 6 4 15 17 18 47 
17 15 2 16 18 
18 15 3 16 17 19 
19 16 2 18 20 
20 16 2 19 21 
21 55 4 9 20 22 41 
22 20 6 1 21 23 31 38 45 
23 15 3 22 24 26 
24 23 3 1 23 25 
25 1 4 15 24 26 32 
26 20 5 3 5 23 25 27 
27 1 6 26 28 29 30 31 41 
28 15 1 27 
29 1 2 27 30 
30 16 2 27 29 
31 1 5 3 15 22 27 32 
32 20 3 25 31 33 
33 20 2 32 34 
34 15 4 12 13 33 35 
35 15 2 34 36 
36 55 2 35 37 
37 1 3 36 38 45 
38 55 3 22 37 39 
39 5 3 38 40 45 
40 20 2 39 41 
41 6 6 3 21 27 40 42 45 
42 55 2 41 43 
43 55 2 42 44 
44 20 4 5 10 43 45 
45 55 9 4 11 22 37 39 41 44 46 47 
46 20 1 45 
47 15 3 16 45 48 
48 6 2 47 49 
49 6 1 48 
t 61 50 154
0 20 1 1 
1 15 4 0 2 6 40 
2 1 3 1 3 6 
3 15 4 2 4 5 6 
4 15 1 3 
5 20 2 3 6 
6 15 6 1 2 3 5 7 11 
7 15 3 6 8 11 
8 15 3 7 9 10 
9 15 2 8 11 
10 15 2 8 11 
11 15 5 6 7 9 10 12 
12 15 2 11 13 
13 55 2 12 14 
14 22 3 13 15 40 
15 15 2 14 16 
16 1 4 15 17 18 19 
17 37 1 16 
18 0 1 16 
19 15 6 16 20 29 32 33 34 
20 15 7 19 21 26 28 30 33 37 
21 15 2 20 22 
22 15 2 21 23 
23 8 3 22 24 49 
24 0 2 23 25 
25 1 2 24 26 
26 15 6 20 25 27 29 32 33 
27 1 1 26 
28 15 3 20 29 33 
29 15 7 19 26 28 30 31 33 37 
30 15 3 20 29 33 
31 15 3 29 32 34 
32 15 5 19 26 31 33 37 
33 15 9 19 20 26 28 29 30 32 34 37 
34 20 5 19 31 33 35 37 
35 55 2 34 36 
36 0 1 35 
37 15 6 20 29 32 33 34 38 
38 15 2 37 39 
39 23 3 38 40 46 
40 55 4 1 14 39 41 
41 20 3 40 42 44 
42 37 2 41 43 
43 5 1 42 
44 55 2 41 45 
45 20 2 44 46 
46 1 3 39 45 47 
47 10 2 46 48 
48 16 2 47 49 
49 50 2 23 48 
t 62 50 170
0 15 5 1 2 3 4 5 
1 15 6 0 2 3 4 5 6 
2 15 2 0 1 
3 15 2 0 1 
4 15 2 0 1 
5 22 2 0 1 
6 20 4 1 7 37 44 
7 1 2 6 8 
8 55 10 7 9 11 25 27 37 39 45 46 49 
9 20 3 8 10 20 
10 10 2 9 11 
11 15 4 8 10 12 37 
12 15 3 11 13 20 
13 20 3 12 14 20 
14 55 4 13 15 23 25 
15 1 4 14 16 20 28 
16 6 3 15 17 27 
17 20 2 16 18 
18 1 4 17 19 46 47 
19 112 2 18 20 
20 1 9 9 12 13 15 19 21 25 44 46 
21 15 3 20 22 36 
22 20 4 21 23 36 37 
23 1 5 14 22 24 43 48 
24 20 3 23 25 36 
25 15 5 8 14 20 24 26 
26 55 2 25 27 
27 15 4 8 16 26 28 
28 55 3 15 27 29 
29 1 2 28 30 
30 170 2 29 31 
31 20 3 30 32 33 
32 1 1 31 
33 20 2 31 34 
34 1 2 33 35 
35 4 2 34 36 
36 15 4 21 22 24 35 
37 1 5 6 8 11 22 38 
38 63 4 37 39 46 47 
39 8 4 8 38 40 41 
40 20 1 39 
41 20 2 39 42 
42 6 2 41 43 
43 20 3 23 42 44 
44 55 4 6 20 43 45 
45 15 3 8 44 46 
46 20 7 8 18 20 38 45 47 48 
47 5 4 18 38 46 48 
48 15 4 23 46 47 49 
49 15 2 8 48 
t 63 50 204
0 24 1 1 
1 20 2 0 2 
2 15 3 1 3 19 
3 15 5 2 4 21 29 43 
4 4 5 3 5 12 14 17 
5 6 2 4 6 
6 23 3 5 7 11 
7 6 4 6 8 12 43 
8 6 4 7 9 13 17 
9 35 4 8 10 13 14 
10 1 4 9 11 13 17 
11 6 6 6 10 12 13 17 21 
12 57 5 4 7 11 13 29 
13 15 10 8 9 10 11 12 14 15 16 17 19 
14 63 5 4 9 13 15 45 
15 63 3 13 14 16 
16 35 6 13 15 17 19 29 35 
17 6 7 4 8 10 11 13 16 18 
18 6 2 17 19 
19 15 9 2 13 16 18 20 21 31 32 43 
20 55 1 19 
21 15 11 3 11 19 22 24 26 28 30 32 34 48 
22 15 2 21 23 
23 55 3 22 24 32 
24 1 5 21 23 25 29 33 
25 6 2 24 26 
26 15 4 21 25 27 29 
27 63 1 26 
28 22 3 21 29 43 
29 55 11 3 12 16 24 26 28 30 32 34 36 42 
30 20 7 21 29 31 33 35 45 47 
31 20 3 19 30 32 
32 20 6 19 21 23 29 31 33 
33 15 4 24 30 32 34 
34 5 5 21 29 33 35 47 
35 20 5 16 30 34 36 42 
36 20 3 29 35 37 
37 0 2 36 38 
38 15 2 37 39 
39 22 4 38 40 41 42 
40 22 1 39 
41 15 1 39 
42 15 4 29 35 39 43 
43 55 6 3 7 19 28 42 44 
44 6 3 43 45 47 
45 55 4 14 30 44 46 
46 15 2 45 47 
47 6 5 30 34 44 46 48 
48 15 3 21 47 49 
49 15 1 48 
t 64 50 182
0 10 1 1 
1 15 3 0 2 3 
2 3 1 1 
3 1 5 1 4 8 13 39 
4 15 8 3 5 7 9 12 23 27 32 
5 15 3 4 6 18 
6 20 5 5 7 12 21 39 
7 1 3 4 6 8 
8 16 3 3 7 9 
9 1 6 4 8 10 15 22 26 
10 15 4 9 11 12 27 
11 55 1 10 
12 1 10 4 6 10 13 14 18 22 24 28 36 
13 6 4 3 12 14 18 
14 15 6 12 13 15 21 31 47 
15 20 7 9 14 16 17 18 21 27 
16 20 1 15 
17 15 1 15 
18 1 6 5 12 13 15 19 31 
19 20 3 18 20 21 
20 1 1 19 
21 55 9 6 14 15 19 22 31 37 47 49 
22 6 4 9 12 21 23 
23 55 3 4 22 24 
24 15 4 12 23 25 26 
25 22 2 24 26 
26 15 5 9 24 25 27 30 
27 1 7 4 10 15 26 28 31 37 
28 1 4 12 27 29 30 
29 1 4 28 31 34 36 
30 6 3 26 28 31 
31 6 8 14 18 21 27 29 30 32 35 
32 6 4 4 31 33 34 
33 16 1 32 
34 15 3 29 32 35 
35 55 3 31 34 36 
36 20 4 12 29 35 37 
37 20 5 21 27 36 38 39 
38 6 2 37 39 
39 15 5 3 6 37 38 40 
40 23 3 39 41 42 
41 6 1 40 
42 22 3 40 43 44 
43 6 1 42 
44 55 2 42 45 
45 1 2 44 46 
46 1 2 45 47 
47 55 4 14 21 46 48 
48 50 1 47 
49 63 1 21 
t 65 50 158
0 44 1 1 
1 15 4 0 2 3 4 
2 15 1 1 
3 15 2 1 5 
4 15 1 1 
5 22 2 3 6 
6 6 2 5 7 
7 32 4 6 8 9 36 
8 32 1 7 
9 1 2 7 10 
10 112 3 9 11 16 
11 6 2 10 12 
12 6 2 11 13 
13 132 3 12 14 15 
14 15 2 13 15 
15 6 3 13 14 16 
16 22 8 10 15 17 20 30 35 37 39 
17 1 6 16 18 28 29 31 38 
18 20 4 17 19 20 37 
19 20 1 18 
20 1 6 16 18 21 22 36 48 
21 20 3 20 22 39 
22 1 5 20 21 23 36 37 
23 55 4 22 24 31 49 
24 6 2 23 25 
25 20 2 24 26 
26 20 3 25 27 37 
27 6 2 26 28 
28 20 2 17 27 
29 1 6 17 30 32 35 39 46 
30 15 3 16 29 31 
31 6 7 17 23 30 32 33 34 35 
32 20 2 29 31 
33 183 1 31 
34 20 1 31 
35 55 6 16 29 31 36 44 48 
36 15 6 7 20 22 35 37 40 
37 15 6 16 18 22 26 36 38 
38 15 3 17 37 39 
39 20 6 16 21 29 38 40 48 
40 22 3 36 39 41 
41 6 2 40 42 
42 55 3 41 43 48 
43 20 2 42 44 
44 15 3 35 43 45 
45 15 2 44 46 
46 1 3 29 45 47 
47 7 2 46 48 
48 15 6 20 35 39 42 47 49 
49 55 2 23 48 
t 66 50 166
0 20 3 1 34 36 
1 1 4 0 2 32 33 
2 15 2 1 3 
3 20 2 2 4 
4 55 4 3 5 26 45 
5 15 8 4 6 8 9 31 36 42 44 
6 72 5 5 7 23 43 46 
7 16 2 6 8 
8 55 5 5 7 37 45 46 
9 15 4 5 10 11 25 
10 15 3 9 11 13 
11 15 6 9 10 12 14 16 30 
12 20 3 11 13 14 
13 15 3 10 12 14 
14 15 5 11 12 13 15 16 
15 20 2 14 16 
16 15 4 11 14 15 17 
17 20 2 16 18 
18 15 4 17 19 20 21 
19 15 2 18 20 
20 88 2 18 19 
21 112 2 18 22 
22 37 2 21 23 
23 15 4 6 22 24 34 
24 55 2 23 25 
25 1 4 9 24 26 34 
26 55 4 4 25 27 28 
27 20 2 26 28 
28 20 4 26 27 29 44 
29 15 3 28 30 49 
30 6 3 11 29 31 
31 55 4 5 30 32 35 
32 1 2 1 31 
33 15 2 1 34 
34 1 7 0 23 25 33 35 38 45 
35 20 3 31 34 36 
36 20 5 0 5 35 37 45 
37 20 3 8 36 38 
38 15 3 34 37 39 
39 15 4 38 40 41 42 
40 15 1 39 
41 23 1 39 
42 20 3 5 39 43 
43 20 3 6 42 44 
44 15 4 5 28 43 45 
45 15 6 4 8 34 36 44 46 
46 5 5 6 8 45 47 48 
47 15 1 46 
48 20 2 46 49 
49 63 2 29 48 
t 67 50 156
0 63 2 1 2 
1 94 1 0 
2 1 2 0 3 
3 1 2 2 4 
4 15 2 3 5 
5 15 2 4 6 
6 15 2 5 7 
7 22 3 6 8 43 
8 15 2 7 9 
9 15 3 8 10 11 
10 15 1 9 
11 6 2 9 12 
12 1 3 11 13 44 
13 15 6 12 14 16 17 21 45 
14 15 2 13 15 
15 15 2 14 16 
16 15 2 13 15 
17 1 4 13 18 20 44 
18 20 4 17 19 21 43 
19 55 5 18 20 36 37 44 
20 6 4 17 19 21 24 
21 1 7 13 18 20 22 39 46 49 
22 20 5 21 23 24 25 48 
23 6 1 22 
24 15 4 20 22 39 46 
25 1 3 22 26 46 
26 15 3 25 27 29 
27 55 3 26 28 49 
28 6 2 27 29 
29 1 4 26 28 30 41 
30 22 3 29 31 36 
31 20 2 30 32 
32 1 3 31 33 34 
33 1 2 32 34 
34 1 5 32 33 35 43 49 
35 55 2 34 36 
36 20 5 19 30 35 37 38 
37 15 3 19 36 38 
38 20 3 36 37 39 
39 63 4 21 24 38 40 
40 55 4 39 41 46 49 
41 6 4 29 40 42 43 
42 6 1 41 
43 15 5 7 18 34 41 44 
44 1 4 12 17 19 43 
45 15 2 13 46 
46 5 6 21 24 25 40 45 47 
47 1 2 46 48 
48 20 3 22 47 49 
49 23 5 21 27 34 40 48 
t 68 50 172
0 37 1 1 
1 22 3 0 2 3 
2 55 3 1 25 46 
3 1 8 1 4 15 17 25 26 28 45 
4 1 2 3 5 
5 32 4 4 6 21 23 
6 15 2 5 7 
7 6 4 6 8 35 40 
8 22 5 7 9 15 21 46 
9 16 2 8 10 
10 55 8 9 11 15 19 21 23 45 46 
11 8 4 10 12 40 42 
12 7 4 11 13 21 23 
13 20 4 12 14 24 33 
14 20 5 13 15 21 34 36 
15 15 7 3 8 10 14 16 33 40 
16 55 3 15 17 19 
17 15 3 3 16 18 
18 8 1 17 
19 1 6 10 16 20 24 33 40 
20 55 2 19 21 
21 6 7 5 8 10 12 14 20 22 
22 55 2 21 23 
23 1 6 5 10 12 22 24 40 
24 1 4 13 19 23 25 
25 20 3 2 3 24 
26 23 2 3 27 
27 6 1 26 
28 15 2 3 29 
29 88 2 28 30 
30 112 2 29 31 
31 112 3 30 32 33 
32 112 1 31 
33 55 9 13 15 19 31 34 37 38 39 45 
34 20 3 14 33 35 
35 55 3 7 34 36 
36 20 3 14 35 37 
37 20 2 33 36 
38 62 1 33 
39 15 2 33 40 
40 20 8 7 11 15 19 23 39 41 45 
41 1 4 40 42 43 45 
42 25 2 11 41 
43 77 2 41 44 
44 55 2 43 45 
45 20 6 3 10 33 40 41 44 
46 22 4 2 8 10 47 
47 5 2 46 48 
48 94 2 47 49 
49 1 1 48 
t 69 50 158
0 63 1 1 
1 7 2 0 2 
2 6 4 1 3 16 39 
3 20 2 2 4 
4 17 2 3 5 
5 6 2 4 6 
6 55 2 5 7 
7 6 6 6 8 9 10 23 38 
8 5 1 7 
9 6 1 7 
10 35 2 7 11 
11 35 2 10 12 
12 55 2 11 13 
13 20 2 12 14 
14 1 7 13 15 23 25 28 35 40 
15 20 2 14 16 
16 1 10 2 15 17 23 29 37 38 40 42 46 
17 1 2 16 18 
18 55 2 17 19 
19 6 5 18 20 21 39 48 
20 15 1 19 
21 15 3 19 22 36 
22 20 8 21 23 28 29 30 35 38 40 
23 1 6 7 14 16 22 24 40 
24 1 2 23 25 
25 63 4 14 24 26 36 
26 1 2 25 27 
27 6 2 26 28 
28 20 5 14 22 27 29 36 
29 25 4 16 22 28 30 
30 1 3 22 29 31 
31 1 2 30 32 
32 55 2 31 33 
33 20 2 32 34 
34 20 2 33 35 
35 20 5 14 22 34 36 49 
36 1 6 21 25 28 35 37 42 
37 22 2 16 36 
38 6 5 7 16 22 39 40 
39 55 4 2 19 38 40 
40 20 7 14 16 22 23 38 39 41 
41 35 2 40 42 
42 20 5 16 36 41 43 44 
43 6 1 42 
44 15 3 42 45 46 
45 15 1 44 
46 6 4 16 44 47 48 
47 17 1 46 
48 15 3 19 46 49 
49 20 2 35 48 
t 70 50 196
0 183 1 1 
1 6 3 0 2 48 
2 55 3 1 3 31 
3 8 2 2 4 
4 55 6 3 5 16 27 31 44 
5 20 2 4 6 
6 20 3 5 7 18 
7 15 4 6 8 27 39 
8 15 7 7 9 11 15 18 38 40 
9 15 4 8 10 17 26 
10 15 4 9 11 17 26 
11 15 6 8 10 12 17 38 48 
12 20 7 11 13 14 15 38 45 48 
13 20 1 12 
14 6 1 12 
15 63 8 8 12 16 27 29 37 41 49 
16 20 6 4 15 17 18 45 48 
17 15 9 9 10 11 16 18 20 27 37 45 
18 15 6 6 8 16 17 19 31 
19 56 2 18 20 
20 1 3 17 19 21 
21 15 4 20 22 23 24 
22 15 2 21 23 
23 15 2 21 22 
24 15 2 21 25 
25 15 2 24 26 
26 15 5 9 10 25 27 38 
27 63 7 4 7 15 17 26 28 38 
28 68 2 27 29 
29 1 3 15 28 30 
30 55 2 29 31 
31 15 8 2 4 18 30 32 38 40 45 
32 15 2 31 33 
33 15 3 32 34 35 
34 15 2 33 35 
35 20 3 33 34 36 
36 15 2 35 37 
37 20 5 15 17 36 38 48 
38 1 9 8 11 12 26 27 31 37 39 44 
39 20 3 7 38 40 
40 1 7 8 31 39 41 42 46 49 
41 1 2 15 40 
42 1 3 40 43 44 
43 1 2 42 44 
44 1 5 4 38 42 43 45 
45 55 7 12 16 17 31 44 46 47 
46 6 2 40 45 
47 20 2 45 48 
48 20 7 1 11 12 16 37 47 49 
49 55 3 15 40 48 
t 71 50 194
0 5 1 1 
1 8 2 0 2 
2 15 3 1 3 43 
3 15 2 2 4 
4 15 3 3 5 43 
5 1 8 4 6 7 13 29 32 44 48 
6 17 2 5 18 
7 20 3 5 8 26 
8 15 8 7 9 11 13 14 25 26 27 
9 20 6 8 10 11 12 16 18 
10 20 2 9 11 
11 20 5 8 9 10 12 14 
12 1 4 9 11 13 20 
13 20 6 5 8 12 14 16 18 
14 15 8 8 11 13 15 25 29 31 48 
15 20 2 14 16 
16 63 7 9 13 15 17 19 20 21 
17 22 3 16 18 24 
18 1 8 6 9 13 17 19 25 32 48 
19 45 3 16 18 35 
20 1 3 12 16 21 
21 15 3 16 20 22 
22 20 4 21 23 29 45 
23 16 3 22 24 45 
24 55 3 17 23 25 
25 15 7 8 14 18 24 26 31 49 
26 15 4 7 8 25 27 
27 15 3 8 26 28 
28 55 2 27 29 
29 1 6 5 14 22 28 30 33 
30 16 4 29 31 32 48 
31 102 3 14 25 30 
32 22 3 5 18 30 
33 20 2 29 34 
34 55 5 33 35 38 43 44 
35 15 4 19 34 36 38 
36 35 3 35 37 41 
37 23 2 36 38 
38 6 7 34 35 37 39 40 42 45 
39 0 2 38 44 
40 4 2 38 41 
41 6 4 36 40 42 43 
42 6 3 38 41 43 
43 57 5 2 4 34 41 42 
44 20 4 5 34 39 45 
45 1 6 22 23 38 44 46 47 
46 22 1 45 
47 37 2 45 48 
48 1 6 5 14 18 30 47 49 
49 1 2 25 48 
t 72 50 214
0 0 1 1 
1 23 4 0 2 3 5 
2 6 1 1 
3 6 3 1 4 5 
4 32 2 3 5 
5 6 4 1 3 4 6 
6 15 5 5 7 8 36 46 
7 37 2 6 8 
8 6 3 6 7 9 
9 55 2 8 10 
10 1 2 9 11 
11 1 4 10 12 27 36 
12 1 15 11 13 16 18 21 24 25 26 32 35 39 41 43 44 46 
13 6 4 12 14 15 36 
14 5 1 13 
15 16 3 13 16 39 
16 6 5 12 15 17 29 39 
17 55 6 16 18 21 24 41 44 
18 1 9 12 17 19 20 29 36 38 40 47 
19 55 1 18 
20 6 2 18 21 
21 20 9 12 17 20 22 23 24 29 36 47 
22 20 2 21 23 
23 1 6 21 22 24 35 41 46 
24 1 8 12 17 21 23 25 27 29 36 
25 22 5 12 24 26 41 48 
26 1 3 12 25 27 
27 20 5 11 24 26 28 32 
28 74 3 27 29 47 
29 1 10 16 18 21 24 28 30 37 41 46 48 
30 20 2 29 31 
31 15 2 30 32 
32 102 6 12 27 31 33 34 47 
33 15 1 32 
34 6 1 32 
35 22 3 12 23 36 
36 15 11 6 11 13 18 21 24 35 37 41 45 46 
37 20 4 29 36 38 39 
38 1 3 18 37 39 
39 1 6 12 15 16 37 38 40 
40 6 4 18 39 41 44 
41 15 8 12 17 23 25 29 36 40 42 
42 10 2 41 43 
43 20 4 12 42 44 47 
44 20 5 12 17 40 43 45 
45 15 3 36 44 46 
46 20 7 6 12 23 29 36 45 47 
47 20 7 18 21 28 32 43 46 48 
48 17 4 25 29 47 49 
49 72 1 48 
t 73 50 166
0 15 5 1 2 3 4 5 
1 15 2 0 2 
2 15 6 0 1 3 4 5 6 
3 15 2 0 2 
4 15 2 0 2 
5 22 2 0 2 
6 20 5 2 7 9 37 41 
7 109 2 6 8 
8 55 3 7 9 15 
9 22 6 6 8 10 12 18 40 
10 1 4 9 11 13 49 
11 1 2 10 12 
12 1 6 9 11 13 25 35 41 
13 5 6 10 12 14 18 40 44 
14 6 2 13 15 
15 15 8 8 14 16 18 20 40 42 44 
16 7 2 15 17 
17 20 3 16 18 40 
18 1 7 9 13 15 17 19 37 49 
19 20 2 18 20 
20 55 4 15 19 21 23 
21 23 2 20 22 
22 6 1 21 
23 57 4 20 24 33 42 
24 1 2 23 25 
25 20 4 12 24 26 34 
26 20 2 25 27 
27 16 2 26 28 
28 6 2 27 29 
29 6 2 28 30 
30 15 2 29 31 
31 15 2 30 32 
32 1 2 31 33 
33 6 4 23 32 34 42 
34 23 3 25 33 35 
35 32 4 12 34 36 42 
36 8 2 35 37 
37 20 5 6 18 36 38 44 
38 1 2 37 39 
39 20 2 38 40 
40 1 6 9 13 15 17 39 41 
41 74 5 6 12 40 42 44 
42 20 6 15 23 33 35 41 43 
43 35 2 42 44 
44 1 6 13 15 37 41 43 45 
45 15 2 44 46 
46 15 2 45 47 
47 20 2 46 48 
48 6 2 47 49 
49 22 3 10 18 48 
t 74 50 200
0 29 1 1 
1 15 4 0 2 13 29 
2 35 5 1 3 5 6 7 
3 6 7 2 4 5 6 7 13 19 
4 6 3 3 5 7 
5 6 4 2 3 4 6 
6 6 3 2 3 5 
7 6 5 2 3 4 8 29 
8 6 2 7 9 
9 1 2 8 10 
10 15 2 9 11 
11 55 4 10 12 14 34 
12 20 3 11 13 29 
13 6 4 1 3 12 14 
14 5 6 11 13 15 17 19 29 
15 1 5 14 16 18 34 41 
16 22 5 15 17 18 19 29 
17 1 3 14 16 18 
18 1 7 15 16 17 19 24 29 31 
19 1 11 3 14 16 18 20 28 34 41 42 43 49 
20 1 5 19 21 22 31 40 
21 1 2 20 22 
22 1 3 20 21 23 
23 1 2 22 24 
24 1 4 18 23 25 42 
25 6 2 24 26 
26 17 4 25 27 29 31 
27 20 3 26 28 34 
28 20 4 19 27 29 31 
29 1 12 1 7 12 14 16 18 26 28 30 32 34 43 
30 1 3 29 31 49 
31 20 8 18 20 26 28 30 32 41 49 
32 6 3 29 31 33 
33 15 3 32 34 49 
34 63 11 11 15 19 27 29 33 35 36 37 39 40 
35 55 1 34 
36 55 1 34 
37 23 2 34 38 
38 1 2 37 39 
39 68 2 34 38 
40 1 4 20 34 41 42 
41 23 6 15 19 31 40 44 45 
42 1 4 19 24 40 44 
43 20 3 19 29 44 
44 72 4 41 42 43 49 
45 55 3 41 46 49 
46 50 2 45 47 
47 15 3 46 48 49 
48 15 1 47 
49 1 7 19 30 31 33 44 45 47 
t 75 50 168
0 15 1 1 
1 15 3 0 2 45 
2 1 4 1 3 18 22 
3 6 5 2 4 23 31 42 
4 55 6 3 5 8 9 11 24 
5 20 3 4 6 12 
6 55 6 5 7 8 11 20 24 
7 1 2 6 21 
8 1 3 4 6 31 
9 55 2 4 10 
10 55 2 9 11 
11 20 5 4 6 10 12 42 
12 63 5 5 11 13 22 24 
13 20 3 12 14 15 
14 1 2 13 15 
15 1 7 13 14 16 17 40 44 45 
16 55 1 15 
17 55 2 15 18 
18 35 4 2 17 19 31 
19 32 2 18 20 
20 1 3 6 19 21 
21 20 4 7 20 22 24 
22 15 7 2 12 21 23 24 26 28 
23 1 3 3 22 24 
24 1 10 4 6 12 21 22 23 25 26 31 42 
25 1 1 24 
26 1 4 22 24 27 32 
27 20 2 26 28 
28 55 5 22 27 29 32 43 
29 20 3 28 30 31 
30 55 1 29 
31 1 7 3 8 18 24 29 32 37 
32 5 4 26 28 31 33 
33 55 2 32 34 
34 20 2 33 35 
35 15 3 34 36 37 
36 1 2 35 37 
37 15 4 31 35 36 38 
38 1 2 37 39 
39 8 2 38 40 
40 156 3 15 39 41 
41 1 4 40 42 43 49 
42 1 4 3 11 24 41 
43 22 3 28 41 44 
44 20 2 15 43 
45 15 3 1 15 46 
46 15 3 45 47 48 
47 20 2 46 48 
48 15 3 46 47 49 
49 15 2 41 48 
t 76 50 236
0 22 1 1 
1 15 2 0 2 
2 20 2 1 3 
3 20 6 2 4 14 21 32 36 
4 20 2 3 5 
5 55 10 4 6 14 16 21 22 26 38 43 48 
6 6 3 5 7 38 
7 22 3 6 8 47 
8 20 2 7 9 
9 20 4 8 10 11 22 
10 15 1 9 
11 20 11 9 12 14 21 22 24 26 30 38 40 45 
12 15 2 11 13 
13 55 9 12 14 20 21 22 24 26 28 30 
14 20 7 3 5 11 13 15 39 47 
15 1 5 14 16 26 43 45 
16 102 7 5 15 17 23 37 39 47 
17 6 2 16 18 
18 37 2 17 19 
19 63 2 18 20 
20 6 3 13 19 21 
21 22 12 3 5 11 13 20 22 37 39 40 42 44 47 
22 20 12 5 9 11 13 21 23 31 39 41 42 47 48 
23 15 2 16 22 
24 74 5 11 13 25 31 42 
25 5 2 24 26 
26 20 12 5 11 13 15 25 27 37 38 39 42 47 48 
27 20 2 26 28 
28 20 3 13 27 29 
29 20 2 28 35 
30 15 4 11 13 31 42 
31 55 5 22 24 30 32 38 
32 6 7 3 31 33 35 44 48 49 
33 55 2 32 34 
34 22 2 33 35 
35 22 5 29 32 34 36 38 
36 1 3 3 35 37 
37 15 6 16 21 26 36 38 41 
38 1 9 5 6 11 26 31 35 37 39 42 
39 1 9 14 16 21 22 26 38 40 41 45 
40 56 3 11 21 39 
41 5 4 22 37 39 42 
42 1 8 21 22 24 26 30 38 41 43 
43 5 5 5 15 42 44 48 
44 55 4 21 32 43 45 
45 15 6 11 15 39 44 46 47 
46 8 1 45 
47 15 8 7 14 16 21 22 26 45 48 
48 15 6 5 22 26 32 43 47 
49 16 1 32 
t 77 50 174
0 6 1 1 
1 6 4 0 2 15 41 
2 8 5 1 3 4 5 8 
3 8 1 2 
4 15 2 2 5 
5 15 3 2 4 6 
6 55 3 5 7 8 
7 55 2 6 8 
8 15 8 2 6 7 9 11 13 39 45 
9 1 5 8 10 12 38 41 
10 63 8 9 11 13 34 35 37 39 45 
11 20 3 8 10 12 
12 1 7 9 11 13 35 37 39 45 
13 20 5 8 10 12 14 16 
14 1 2 13 15 
15 15 6 1 14 16 17 38 41 
16 1 4 13 15 37 48 
17 4 2 15 18 
18 15 2 17 19 
19 6 2 18 20 
20 6 2 19 21 
21 55 3 20 22 31 
22 7 2 21 23 
23 63 4 22 24 27 39 
24 15 2 23 25 
25 15 4 24 26 27 28 
26 15 3 25 27 29 
27 15 4 23 25 26 28 
28 15 2 25 27 
29 6 2 26 30 
30 15 2 29 31 
31 1 4 21 30 32 33 
32 63 1 31 
33 97 2 31 34 
34 5 2 10 33 
35 15 4 10 12 36 41 
36 20 4 35 37 39 42 
37 5 6 10 12 16 36 38 41 
38 1 5 9 15 37 39 48 
39 15 9 8 10 12 23 36 38 40 41 42 
40 20 1 39 
41 1 10 1 9 15 35 37 39 42 45 46 48 
42 15 4 36 39 41 43 
43 15 2 42 44 
44 15 2 43 45 
45 16 5 8 10 12 41 44 
46 20 2 41 47 
47 20 1 46 
48 20 4 16 38 41 49 
49 47 1 48 
t 78 50 244
0 23 1 1 
1 15 2 0 2 
2 22 2 1 3 
3 55 5 2 4 7 9 37 
4 37 2 3 5 
5 6 2 4 6 
6 1 18 5 7 9 10 12 16 18 21 23 30 32 35 37 38 40 41 46 48 
7 6 4 3 6 8 39 
8 16 2 7 9 
9 15 8 3 6 8 12 17 23 35 47 
10 20 4 6 11 45 47 
11 15 3 10 12 37 
12 1 13 6 9 11 13 15 17 18 20 22 35 39 47 49 
13 20 3 12 14 30 
14 0 2 13 15 
15 55 6 12 14 16 21 28 37 
16 22 5 6 15 17 20 35 
17 55 4 9 12 16 18 
18 15 6 6 12 17 19 20 30 
19 15 4 18 20 47 49 
20 55 7 12 16 18 19 21 30 38 
21 63 11 6 15 20 22 25 27 31 35 36 39 47 
22 1 5 12 21 23 30 37 
23 63 6 6 9 22 24 35 49 
24 82 2 23 25 
25 17 4 21 24 26 30 
26 10 1 25 
27 55 2 21 28 
28 20 3 15 27 29 
29 55 2 28 30 
30 5 12 6 13 18 20 22 25 29 31 35 38 39 47 
31 15 4 21 30 32 46 
32 20 3 6 31 33 
33 20 2 32 34 
34 20 2 33 35 
35 1 10 6 9 12 16 21 23 30 34 37 46 
36 55 2 21 37 
37 20 11 3 6 11 15 22 35 36 38 39 45 47 
38 15 7 6 20 30 37 39 45 49 
39 1 8 7 12 21 30 37 38 40 41 
40 20 3 6 39 47 
41 6 5 6 39 42 43 47 
42 47 1 41 
43 15 2 41 44 
44 15 2 43 45 
45 1 6 10 37 38 44 46 48 
46 20 5 6 31 35 45 47 
47 1 11 9 10 12 19 21 30 37 40 41 46 48 
48 1 4 6 45 47 49 
49 25 5 12 19 23 38 48 
t 79 50 184
0 37 1 1 
1 63 9 0 2 8 12 14 15 19 39 48 
2 15 9 1 3 7 11 13 16 31 41 44 
3 1 4 2 4 5 6 
4 1 1 3 
5 55 1 3 
6 1 1 3 
7 20 7 2 8 12 14 32 37 39 
8 55 6 1 7 9 11 31 38 
9 1 2 8 10 
10 1 5 9 11 28 31 49 
11 20 6 2 8 10 12 14 48 
12 1 6 1 7 11 13 31 38 
13 5 5 2 12 14 31 48 
14 1 7 1 7 11 13 28 31 38 
15 61 3 1 16 18 
16 20 3 2 15 17 
17 20 1 16 
18 7 1 15 
19 63 2 1 20 
20 1 2 19 21 
21 1 2 20 22 
22 1 2 21 23 
23 16 3 22 24 25 
24 20 1 23 
25 20 2 23 26 
26 15 3 25 27 39 
27 7 4 26 28 33 47 
28 20 5 10 14 27 29 39 
29 1 3 28 30 31 
30 25 1 29 
31 20 11 2 8 10 12 13 14 29 32 39 48 49 
32 55 4 7 31 33 47 
33 22 5 27 32 34 35 36 
34 16 2 33 36 
35 22 2 33 36 
36 37 4 33 34 35 37 
37 15 4 7 36 38 40 
38 1 6 8 12 14 37 39 48 
39 1 7 1 7 26 28 31 38 40 
40 8 3 37 39 41 
41 20 4 2 40 42 43 
42 8 1 41 
43 1 2 41 44 
44 15 3 2 43 45 
45 15 2 44 46 
46 22 2 45 47 
47 1 4 27 32 46 48 
48 63 7 1 11 13 31 38 47 49 
49 1 3 10 31 48 
t 80 50 160
0 15 1 1 
1 112 4 0 2 3 11 
2 15 2 1 3 
3 23 3 1 2 4 
4 20 9 3 5 6 11 17 26 33 34 38 
5 6 2 4 49 
6 63 3 4 7 8 
7 20 1 6 
8 55 3 6 9 29 
9 62 3 8 10 21 
10 15 2 9 11 
11 72 4 1 4 10 12 
12 68 3 11 13 26 
13 1 2 12 14 
14 20 4 13 15 16 21 
15 6 2 14 16 
16 20 3 14 15 17 
17 1 4 4 16 18 49 
18 20 5 17 19 23 28 35 
19 15 2 18 20 
20 6 2 19 21 
21 1 8 9 14 20 22 24 26 27 33 
22 6 2 21 23 
23 1 4 18 22 24 33 
24 15 3 21 23 25 
25 15 2 24 26 
26 1 5 4 12 21 25 49 
27 15 2 21 28 
28 15 5 18 27 29 33 38 
29 15 4 8 28 30 40 
30 24 2 29 31 
31 112 3 30 32 33 
32 6 1 31 
33 6 10 4 21 23 28 31 35 39 40 44 47 
34 20 2 4 35 
35 15 4 18 33 34 36 
36 6 3 35 37 39 
37 15 2 36 38 
38 57 4 4 28 37 39 
39 23 4 33 36 38 40 
40 15 4 29 33 39 41 
41 20 2 40 42 
42 15 2 41 43 
43 55 2 42 44 
44 20 3 33 43 45 
45 15 2 44 46 
46 15 2 45 47 
47 15 4 33 46 48 49 
48 15 1 47 
49 1 4 5 17 26 47 
t 81 50 204
0 10 1 1 
1 20 2 0 2 
2 37 2 1 3 
3 6 3 2 4 7 
4 15 5 3 5 11 12 19 
5 16 6 4 6 21 32 33 36 
6 63 3 5 7 25 
7 1 7 3 6 8 15 23 38 40 
8 15 5 7 9 25 31 35 
9 1 6 8 10 11 21 23 27 
10 68 3 9 11 25 
11 15 9 4 9 10 12 21 22 23 36 49 
12 15 6 4 11 13 14 29 49 
13 16 1 12 
14 15 2 12 15 
15 20 4 7 14 16 39 
16 55 2 15 17 
17 15 2 16 18 
18 55 2 17 19 
19 1 9 4 18 20 22 35 36 41 42 47 
20 15 3 19 21 29 
21 20 6 5 9 11 20 22 31 
22 15 7 11 19 21 23 33 36 49 
23 20 8 7 9 11 22 24 25 31 32 
24 55 1 23 
25 15 7 6 8 10 23 26 27 49 
26 8 1 25 
27 72 5 9 25 28 31 39 
28 15 2 27 29 
29 22 5 12 20 28 30 31 
30 1 2 29 32 
31 1 9 8 21 23 27 29 32 34 36 49 
32 20 5 5 23 30 31 35 
33 20 3 5 22 34 
34 20 3 31 33 35 
35 15 7 8 19 32 34 36 40 49 
36 15 9 5 11 19 22 31 35 37 42 43 
37 1 2 36 38 
38 94 3 7 37 39 
39 15 5 15 27 38 40 49 
40 15 4 7 35 39 41 
41 15 3 19 40 49 
42 15 2 19 36 
43 1 2 36 44 
44 6 3 43 45 47 
45 6 2 44 46 
46 6 1 45 
47 47 3 19 44 48 
48 15 2 47 49 
49 22 9 11 12 22 25 31 35 39 41 48 
t 82 50 188
0 6 7 1 10 16 27 35 42 43 
1 6 5 0 2 16 27 45 
2 6 2 1 3 
3 6 4 2 4 8 19 
4 63 6 3 5 6 46 47 49 
5 23 2 4 36 
6 20 6 4 7 37 38 45 46 
7 35 2 6 8 
8 20 5 3 7 9 19 45 
9 20 2 8 10 
10 1 7 0 9 11 16 33 35 42 
11 63 4 10 12 27 32 
12 20 4 11 13 14 15 
13 10 1 12 
14 0 1 12 
15 55 3 12 16 27 
16 15 7 0 1 10 15 17 27 36 
17 25 3 16 18 27 
18 15 2 17 19 
19 55 8 3 8 18 20 28 29 30 34 
20 1 3 19 21 22 
21 10 1 20 
22 1 3 20 23 40 
23 20 3 22 24 42 
24 15 5 23 25 27 32 39 
25 22 2 24 26 
26 15 2 25 27 
27 1 10 0 1 11 15 16 17 24 26 28 36 
28 1 2 19 27 
29 77 1 19 
30 20 3 19 31 32 
31 37 1 30 
32 15 5 11 24 30 33 36 
33 5 3 10 32 34 
34 20 4 19 33 35 37 
35 55 4 0 10 34 36 
36 6 6 5 16 27 32 35 39 
37 15 4 6 34 38 39 
38 15 3 6 37 44 
39 55 5 24 36 37 40 42 
40 20 4 22 39 41 46 
41 16 2 40 42 
42 1 7 0 10 23 39 41 43 46 
43 55 3 0 42 44 
44 20 3 38 43 45 
45 15 5 1 6 8 44 46 
46 170 6 4 6 40 42 45 47 
47 6 4 4 46 48 49 
48 15 1 47 
49 22 2 4 47 
t 83 50 166
0 37 1 1 
1 20 4 0 2 22 33 
2 1 2 1 3 
3 1 9 2 4 12 25 27 32 35 42 44 
4 22 2 3 5 
5 1 4 4 6 22 40 
6 20 2 5 7 
7 55 3 6 8 22 
8 15 3 7 9 11 
9 1 2 8 10 
10 10 1 9 
11 1 7 8 12 25 27 32 40 49 
12 20 3 3 11 13 
13 55 4 12 14 27 49 
14 1 4 13 15 16 45 
15 22 1 14 
16 8 5 14 17 18 38 49 
17 1 2 16 19 
18 16 1 16 
19 5 2 17 20 
20 23 3 19 21 22 
21 1 1 20 
22 1 5 1 5 7 20 23 
23 15 7 22 24 25 27 32 34 40 
24 15 2 23 25 
25 1 10 3 11 23 24 26 33 34 37 41 48 
26 15 2 25 27 
27 15 8 3 11 13 23 26 28 29 30 
28 37 1 27 
29 8 1 27 
30 20 2 27 31 
31 22 2 30 32 
32 1 6 3 11 23 31 33 35 
33 1 4 1 25 32 34 
34 6 4 23 25 33 45 
35 20 4 3 32 36 37 
36 23 1 35 
37 55 3 25 35 38 
38 20 3 16 37 39 
39 68 2 38 40 
40 63 5 5 11 23 39 41 
41 15 3 25 40 42 
42 22 4 3 41 43 45 
43 20 2 42 44 
44 20 3 3 43 45 
45 55 6 14 34 42 44 46 47 
46 6 1 45 
47 22 2 45 48 
48 55 3 25 47 49 
49 25 4 11 13 16 48 
t 84 50 154
0 1 2 1 2 
1 1 3 0 2 3 
2 1 2 0 1 
3 15 5 1 4 13 14 15 
4 15 5 3 5 12 13 14 
5 15 4 4 6 13 14 
6 1 2 5 7 
7 1 2 6 8 
8 15 3 7 9 11 
9 15 3 8 10 11 
10 15 2 9 11 
11 15 4 8 9 10 12 
12 15 3 4 11 13 
13 22 7 3 4 5 12 14 18 41 
14 15 4 3 4 5 13 
15 156 2 3 16 
16 22 3 15 17 20 
17 6 2 16 18 
18 15 3 13 17 19 
19 15 2 18 20 
20 15 4 16 19 21 22 
21 22 1 20 
22 15 3 20 23 24 
23 47 1 22 
24 23 4 22 25 30 36 
25 20 5 24 26 27 30 36 
26 20 3 25 27 36 
27 22 3 25 26 28 
28 47 2 27 29 
29 6 4 28 30 36 37 
30 20 4 24 25 29 31 
31 68 2 30 32 
32 6 2 31 33 
33 22 2 32 34 
34 15 2 33 35 
35 15 2 34 36 
36 57 8 24 25 26 29 35 37 38 44 
37 6 4 29 36 38 39 
38 1 3 36 37 39 
39 6 3 37 38 40 
40 6 2 39 41 
41 15 8 13 40 42 44 45 47 48 49 
42 15 3 41 43 46 
43 15 3 42 44 45 
44 15 3 36 41 43 
45 15 3 41 43 46 
46 15 3 42 45 47 
47 63 2 41 46 
48 15 1 41 
49 15 1 41 
t 85 50 154
0 55 3 1 2 3 
1 55 1 0 
2 37 1 0 
3 7 2 0 4 
4 23 6 3 5 24 39 44 46 
5 6 3 4 6 21 
6 23 4 5 7 8 10 
7 6 2 6 8 
8 6 5 6 7 9 21 28 
9 6 2 8 10 
10 6 3 6 9 11 
11 10 2 10 12 
12 112 2 11 13 
13 15 3 12 14 16 
14 15 3 13 15 16 
15 15 2 14 16 
16 15 4 13 14 15 17 
17 10 2 16 18 
18 6 4 17 19 20 44 
19 22 2 18 36 
20 20 3 18 21 45 
21 6 8 5 8 20 22 23 24 30 41 
22 6 1 21 
23 68 1 21 
24 6 4 4 21 25 26 
25 6 2 24 26 
26 6 3 24 25 27 
27 16 3 26 28 29 
28 16 4 8 27 29 44 
29 15 3 27 28 30 
30 6 4 21 29 31 42 
31 63 5 30 32 43 44 46 
32 15 2 31 33 
33 42 2 32 34 
34 15 2 33 35 
35 6 2 34 36 
36 6 3 19 35 37 
37 35 2 36 38 
38 15 2 37 39 
39 55 4 4 38 40 47 
40 22 3 39 41 44 
41 15 5 21 40 42 47 49 
42 6 5 30 41 43 44 46 
43 16 2 31 42 
44 1 7 4 18 28 31 40 42 45 
45 20 3 20 44 46 
46 55 5 4 31 42 45 47 
47 20 4 39 41 46 48 
48 20 2 47 49 
49 20 2 41 48 
t 86 50 158
0 55 1 1 
1 20 2 0 2 
2 55 2 1 3 
3 8 2 2 4 
4 156 3 3 5 6 
5 1 1 4 
6 63 4 4 7 8 28 
7 22 3 6 8 23 
8 15 5 6 7 9 10 31 
9 15 2 8 10 
10 23 4 8 9 11 12 
11 8 1 10 
12 15 3 10 13 16 
13 15 3 12 14 16 
14 15 4 13 15 16 17 
15 15 2 14 16 
16 15 5 12 13 14 15 48 
17 8 2 14 18 
18 6 6 17 19 26 35 42 47 
19 55 2 18 20 
20 1 3 19 21 37 
21 6 3 20 22 47 
22 35 2 21 23 
23 15 4 7 22 24 47 
24 55 2 23 25 
25 15 4 24 26 28 35 
26 55 7 18 25 27 30 31 38 42 
27 45 2 26 28 
28 63 7 6 25 27 29 30 38 49 
29 22 1 28 
30 20 3 26 28 47 
31 20 3 8 26 32 
32 15 3 31 33 34 
33 15 1 32 
34 37 2 32 35 
35 1 8 18 25 34 36 38 42 46 49 
36 1 2 35 37 
37 1 3 20 36 38 
38 20 6 26 28 35 37 39 47 
39 10 2 38 40 
40 23 5 39 41 43 44 45 
41 5 2 40 42 
42 20 5 18 26 35 41 47 
43 1 1 40 
44 8 1 40 
45 15 2 40 46 
46 6 3 35 45 47 
47 6 8 18 21 23 30 38 42 46 48 
48 63 3 16 47 49 
49 1 3 28 35 48 
t 87 50 180
0 15 4 1 2 5 47 
1 15 1 0 
2 20 2 0 3 
3 133 4 2 4 36 47 
4 15 2 3 5 
5 1 3 0 4 6 
6 6 3 5 7 31 
7 15 2 6 8 
8 15 6 7 9 17 19 46 48 
9 20 2 8 10 
10 20 7 9 11 14 15 31 46 48 
11 15 3 10 12 20 
12 15 2 11 13 
13 15 3 12 14 32 
14 20 2 10 13 
15 15 3 10 16 29 
16 6 5 15 17 31 46 48 
17 1 5 8 16 18 30 47 
18 20 3 17 19 46 
19 1 6 8 18 20 23 25 47 
20 15 4 11 19 21 31 
21 7 3 20 22 47 
22 63 3 21 23 31 
23 63 6 19 22 24 25 31 32 
24 55 3 23 25 47 
25 6 5 19 23 24 26 28 
26 6 2 25 27 
27 6 2 26 28 
28 6 3 25 27 29 
29 15 4 15 28 30 31 
30 20 5 17 29 31 32 46 
31 1 12 6 10 16 20 22 23 29 30 33 36 45 47 
32 15 4 13 23 30 33 
33 5 4 31 32 34 46 
34 20 2 33 35 
35 20 2 34 36 
36 1 7 3 31 35 37 38 39 40 
37 62 1 36 
38 6 1 36 
39 6 2 36 40 
40 16 3 36 39 41 
41 16 2 40 42 
42 55 2 41 43 
43 23 3 42 44 45 
44 22 1 43 
45 22 3 31 43 46 
46 6 8 8 10 16 18 30 33 45 47 
47 15 9 0 3 17 19 21 24 31 46 48 
48 1 5 8 10 16 47 49 
49 56 1 48 
t 88 50 180
0 74 2 1 3 
1 1 7 0 2 11 13 27 30 31 
2 20 4 1 3 5 45 
3 20 7 0 2 4 11 13 44 48 
4 15 2 3 5 
5 20 5 2 4 6 30 31 
6 15 5 5 7 28 29 32 
7 20 2 6 8 
8 15 4 7 9 10 32 
9 23 1 8 
10 22 2 8 11 
11 20 7 1 3 10 12 35 37 43 
12 22 4 11 13 46 47 
13 1 5 1 3 12 14 15 
14 1 1 13 
15 23 5 13 16 21 22 23 
16 15 4 15 17 18 21 
17 15 2 16 18 
18 15 5 16 17 19 20 22 
19 23 2 18 22 
20 15 2 18 21 
21 132 5 15 16 20 22 24 
22 6 5 15 18 19 21 23 
23 23 3 15 22 24 
24 6 4 21 23 25 26 
25 6 2 24 26 
26 55 3 24 25 27 
27 15 5 1 26 28 32 48 
28 25 2 6 27 
29 55 2 6 30 
30 20 4 1 5 29 32 
31 1 3 1 5 32 
32 1 6 6 8 27 30 31 33 
33 22 2 32 34 
34 6 2 33 35 
35 47 6 11 34 36 37 40 42 
36 15 3 35 37 42 
37 15 7 11 35 36 38 40 41 42 
38 15 3 37 39 42 
39 15 3 38 40 42 
40 15 5 35 37 39 41 42 
41 15 3 37 40 42 
42 1 7 35 36 37 38 39 40 41 
43 22 2 11 44 
44 55 3 3 43 45 
45 1 3 2 44 46 
46 20 2 12 45 
47 20 2 12 48 
48 6 4 3 27 47 49 
49 15 1 48 
t 89 50 168
0 1 1 1 
1 1 4 0 2 3 6 
2 1 2 1 3 
3 20 6 1 2 4 6 14 44 
4 20 5 3 5 11 12 48 
5 20 5 4 6 8 10 44 
6 1 5 1 3 5 7 35 
7 5 2 6 8 
8 55 5 5 7 9 47 48 
9 62 2 8 10 
10 1 4 5 9 11 45 
11 1 2 4 10 
12 20 2 4 13 
13 20 2 12 14 
14 55 5 3 13 15 45 48 
15 15 3 14 16 17 
16 15 2 15 20 
17 15 3 15 18 20 
18 15 4 17 19 20 21 
19 15 2 18 20 
20 15 5 16 17 18 19 21 
21 15 4 18 20 22 28 
22 37 2 21 23 
23 1 3 22 24 25 
24 6 1 23 
25 1 2 23 26 
26 55 2 25 27 
27 15 4 26 28 39 41 
28 15 5 21 27 29 38 41 
29 20 3 28 30 42 
30 6 5 29 31 34 35 36 
31 170 5 30 32 34 35 36 
32 63 4 31 33 34 35 
33 1 2 32 34 
34 23 5 30 31 32 33 35 
35 15 6 6 30 31 32 34 36 
36 23 4 30 31 35 37 
37 6 2 36 38 
38 1 4 28 37 39 41 
39 15 4 27 38 40 41 
40 20 2 39 41 
41 15 6 27 28 38 39 40 42 
42 20 3 29 41 43 
43 15 2 42 44 
44 55 4 3 5 43 45 
45 20 5 10 14 44 46 47 
46 6 1 45 
47 20 2 8 45 
48 16 4 4 8 14 49 
49 1 1 48 
t 90 50 172
0 6 1 1 
1 15 3 0 2 3 
2 4 3 1 3 24 
3 20 8 1 2 4 8 23 25 26 28 
4 17 2 3 5 
5 20 3 4 6 7 
6 42 1 5 
7 1 2 5 8 
8 6 4 3 7 9 14 
9 15 4 8 10 14 32 
10 68 5 9 11 12 13 24 
11 6 1 10 
12 20 1 10 
13 15 3 10 14 46 
14 1 10 8 9 13 15 22 23 27 41 44 46 
15 68 3 14 16 46 
16 109 2 15 17 
17 1 5 16 18 32 46 48 
18 15 2 17 19 
19 20 4 18 20 42 43 
20 20 4 19 21 33 41 
21 37 3 20 22 33 
22 1 3 14 21 43 
23 15 3 3 14 24 
24 1 5 2 10 23 25 40 
25 20 2 3 24 
26 15 3 3 27 47 
27 1 7 14 26 28 32 35 36 46 
28 16 3 3 27 29 
29 15 2 28 30 
30 15 3 29 31 32 
31 15 1 30 
32 63 5 9 17 27 30 33 
33 1 4 20 21 32 34 
34 1 4 33 35 46 49 
35 15 4 27 34 36 46 
36 22 3 27 35 37 
37 15 2 36 38 
38 1 2 37 39 
39 22 2 38 40 
40 15 3 24 39 41 
41 20 4 14 20 40 42 
42 20 3 19 41 47 
43 20 4 19 22 44 45 
44 20 3 14 43 48 
45 24 2 43 46 
46 15 9 13 14 15 17 27 34 35 45 47 
47 72 5 26 42 46 48 49 
48 20 4 17 44 47 49 
49 20 3 34 47 48 
t 91 50 162
0 8 1 1 
1 68 3 0 2 46 
2 6 5 1 3 4 14 30 
3 10 1 2 
4 4 2 2 5 
5 20 5 4 6 7 8 10 
6 63 1 5 
7 16 1 5 
8 1 2 5 9 
9 5 2 8 10 
10 55 6 5 9 11 23 25 48 
11 5 2 10 12 
12 6 2 11 13 
13 6 7 12 14 17 19 24 26 30 
14 55 9 2 13 15 19 23 25 27 31 46 
15 15 3 14 16 28 
16 6 3 15 17 19 
17 6 4 13 16 18 19 
18 6 3 17 19 46 
19 6 7 13 14 16 17 18 20 28 
20 15 2 19 21 
21 6 2 20 22 
22 15 2 21 23 
23 5 5 10 14 22 24 28 
24 15 3 13 23 25 
25 22 6 10 14 24 26 28 30 
26 15 4 13 25 27 46 
27 20 3 14 26 28 
28 1 6 15 19 23 25 27 29 
29 17 2 28 30 
30 20 5 2 13 25 29 31 
31 15 3 14 30 32 
32 6 4 31 33 35 36 
33 81 3 32 34 40 
34 65 3 33 35 36 
35 1 2 32 34 
36 1 6 32 34 37 40 42 43 
37 1 2 36 38 
38 1 2 37 39 
39 1 3 38 40 41 
40 1 4 33 36 39 41 
41 1 2 39 40 
42 88 1 36 
43 1 2 36 44 
44 15 2 43 45 
45 55 2 44 46 
46 63 6 1 14 18 26 45 47 
47 55 3 46 48 49 
48 94 2 10 47 
49 10 1 47 
t 92 50 164
0 15 1 1 
1 55 8 0 2 5 9 11 12 44 49 
2 15 2 1 3 
3 1 2 2 4 
4 1 2 3 5 
5 23 6 1 4 6 13 15 49 
6 55 7 5 7 11 14 17 36 38 
7 20 5 6 8 13 15 44 
8 15 2 7 9 
9 15 4 1 8 10 11 
10 15 2 9 11 
11 20 6 1 6 9 10 12 13 
12 15 2 1 11 
13 20 7 5 7 11 14 41 45 47 
14 1 3 6 13 15 
15 1 7 5 7 14 16 35 36 45 
16 50 3 15 17 44 
17 1 4 6 16 18 44 
18 55 3 17 19 30 
19 15 2 18 20 
20 45 2 19 21 
21 6 2 20 22 
22 6 2 21 23 
23 15 2 22 24 
24 15 3 23 25 26 
25 68 1 24 
26 1 3 24 27 28 
27 37 1 26 
28 22 2 26 29 
29 20 2 28 30 
30 20 7 18 29 31 32 33 34 37 
31 16 1 30 
32 102 1 30 
33 23 1 30 
34 1 2 30 35 
35 6 3 15 34 36 
36 23 4 6 15 35 37 
37 22 4 30 36 38 41 
38 22 4 6 37 39 49 
39 15 2 38 40 
40 77 2 39 41 
41 20 5 13 37 40 42 49 
42 15 2 41 43 
43 6 2 42 44 
44 1 7 1 7 16 17 43 45 47 
45 1 5 13 15 44 46 49 
46 16 2 45 47 
47 22 5 13 44 46 48 49 
48 63 1 47 
49 20 6 1 5 38 41 45 47 
t 93 50 204
0 6 1 1 
1 22 7 0 2 3 17 23 37 39 
2 15 2 1 38 
3 10 2 1 4 
4 1 2 3 5 
5 1 5 4 6 9 20 38 
6 24 3 5 7 13 
7 1 2 6 8 
8 1 1 7 
9 1 2 5 10 
10 15 2 9 11 
11 1 2 10 12 
12 1 2 11 13 
13 47 3 6 12 14 
14 20 3 13 15 37 
15 63 6 14 16 19 20 25 48 
16 20 3 15 17 39 
17 1 11 1 16 18 20 24 30 32 34 36 44 46 
18 22 7 17 19 21 23 33 39 42 
19 20 3 15 18 22 
20 20 7 5 15 17 21 23 35 37 
21 20 4 18 20 22 48 
22 15 9 19 21 23 37 39 41 42 45 46 
23 1 7 1 18 20 22 24 27 36 
24 37 3 17 23 25 
25 6 4 15 24 26 36 
26 15 3 25 27 33 
27 20 5 23 26 28 38 42 
28 49 2 27 29 
29 1 2 28 30 
30 20 6 17 29 31 35 39 42 
31 6 4 30 32 38 48 
32 6 7 17 31 33 35 42 43 44 
33 55 4 18 26 32 34 
34 15 4 17 33 35 37 
35 7 5 20 30 32 34 48 
36 37 5 17 23 25 37 39 
37 20 8 1 14 20 22 34 36 38 46 
38 20 6 2 5 27 31 37 39 
39 1 9 1 16 18 22 30 36 38 40 48 
40 20 2 39 41 
41 55 2 22 40 
42 20 6 18 22 27 30 32 46 
43 37 1 32 
44 63 3 17 32 45 
45 55 2 22 44 
46 20 5 17 22 37 42 47 
47 55 2 46 48 
48 5 7 15 21 31 35 39 47 49 
49 10 1 48 
t 94 50 168
0 22 2 1 2 
1 15 1 0 
2 1 3 0 3 8 
3 1 5 2 4 21 40 47 
4 56 2 3 5 
5 15 2 4 6 
6 1 3 5 7 8 
7 15 1 6 
8 1 8 2 6 9 17 20 28 31 47 
9 63 3 8 10 43 
10 15 4 9 11 20 45 
11 15 6 10 12 13 19 25 45 
12 1 4 11 13 23 34 
13 50 4 11 12 14 36 
14 15 3 13 15 16 
15 20 2 14 16 
16 22 3 14 15 17 
17 6 5 8 16 18 19 37 
18 6 1 17 
19 37 3 11 17 20 
20 6 5 8 10 19 21 48 
21 4 4 3 20 22 23 
22 63 1 21 
23 6 4 12 21 24 40 
24 15 2 23 25 
25 68 4 11 24 26 31 
26 15 3 25 27 30 
27 15 2 26 28 
28 20 6 8 27 29 30 46 49 
29 1 1 28 
30 55 4 26 28 31 45 
31 6 4 8 25 30 32 
32 68 3 31 33 47 
33 20 2 32 34 
34 6 5 12 33 35 36 45 
35 55 1 34 
36 1 6 13 34 37 38 39 42 
37 6 2 17 36 
38 6 2 36 39 
39 63 3 36 38 40 
40 15 6 3 23 39 41 42 49 
41 17 1 40 
42 15 3 36 40 43 
43 63 4 9 42 44 49 
44 32 2 43 45 
45 6 7 10 11 30 34 44 46 49 
46 55 3 28 45 47 
47 63 6 3 8 32 46 48 49 
48 55 2 20 47 
49 55 5 28 40 43 45 47 
t 95 50 156
0 1 1 1 
1 1 2 0 2 
2 1 4 1 3 26 48 
3 55 4 2 4 9 26 
4 22 3 3 5 23 
5 15 8 4 6 26 32 33 38 39 48 
6 55 2 5 7 
7 15 2 6 8 
8 15 2 7 9 
9 15 3 3 8 10 
10 15 3 9 11 12 
11 23 1 10 
12 15 2 10 13 
13 55 2 12 14 
14 37 2 13 15 
15 15 4 14 16 17 18 
16 20 2 15 45 
17 6 1 15 
18 15 2 15 19 
19 8 2 18 20 
20 16 2 19 21 
21 6 2 20 22 
22 22 2 21 23 
23 6 7 4 22 24 26 39 44 48 
24 55 2 23 25 
25 15 5 24 26 38 39 42 
26 55 8 2 3 5 23 25 27 40 46 
27 15 4 26 28 29 43 
28 35 1 27 
29 15 2 27 30 
30 13 2 29 31 
31 22 2 30 32 
32 15 4 5 31 33 38 
33 55 4 5 32 34 37 
34 15 4 33 35 36 37 
35 15 2 34 36 
36 15 3 34 35 37 
37 15 3 33 34 36 
38 15 5 5 25 32 39 48 
39 22 6 5 23 25 38 40 47 
40 22 3 26 39 41 
41 37 2 40 42 
42 1 4 25 41 43 47 
43 6 3 27 42 44 
44 20 3 23 43 45 
45 16 4 16 44 46 47 
46 20 3 26 45 47 
47 20 5 39 42 45 46 48 
48 55 6 2 5 23 38 47 49 
49 63 1 48 
t 96 50 164
0 37 1 1 
1 15 3 0 2 37 
2 1 12 1 3 5 9 11 12 14 18 22 28 36 48 
3 1 4 2 4 5 26 
4 55 2 3 25 
5 72 5 2 3 6 33 47 
6 6 4 5 7 9 31 
7 15 3 6 8 39 
8 15 2 7 9 
9 22 4 2 6 8 10 
10 1 2 9 11 
11 1 2 2 10 
12 4 4 2 13 15 26 
13 23 2 12 14 
14 6 4 2 13 15 16 
15 6 3 12 14 16 
16 57 4 14 15 17 49 
17 15 2 16 18 
18 20 6 2 17 19 33 35 37 
19 1 2 18 20 
20 20 4 19 21 30 37 
21 23 2 20 22 
22 6 6 2 21 23 24 33 35 
23 8 1 22 
24 37 2 22 25 
25 15 4 4 24 26 28 
26 55 5 3 12 25 27 29 
27 1 2 26 28 
28 22 4 2 25 27 29 
29 15 3 26 28 30 
30 20 3 20 29 31 
31 6 5 6 30 32 33 37 
32 15 1 31 
33 55 5 5 18 22 31 34 
34 15 3 33 35 37 
35 15 4 18 22 34 36 
36 1 5 2 35 37 41 42 
37 1 8 1 18 20 31 34 36 38 39 
38 15 2 37 42 
39 6 3 7 37 40 
40 55 1 39 
41 1 1 36 
42 20 3 36 38 43 
43 15 2 42 44 
44 15 2 43 45 
45 15 2 44 46 
46 15 2 45 47 
47 15 3 5 46 48 
48 15 3 2 47 49 
49 15 2 16 48 
t 97 50 156
0 20 1 1 
1 6 2 0 2 
2 15 4 1 3 9 38 
3 15 2 2 4 
4 55 5 3 5 7 8 17 
5 6 2 4 6 
6 1 5 5 7 8 14 34 
7 37 2 4 6 
8 20 8 4 6 9 10 25 35 38 48 
9 55 4 2 8 11 21 
10 6 2 8 11 
11 20 7 9 10 12 13 14 21 25 
12 55 1 11 
13 72 2 11 14 
14 20 4 6 11 13 15 
15 34 2 14 16 
16 112 2 15 17 
17 112 5 4 16 18 19 20 
18 112 1 17 
19 24 1 17 
20 16 2 17 21 
21 1 6 9 11 20 22 23 48 
22 6 1 21 
23 55 2 21 24 
24 63 5 23 25 27 35 38 
25 6 5 8 11 24 26 44 
26 15 2 25 27 
27 1 7 24 26 28 34 39 40 49 
28 15 3 27 29 30 
29 6 1 28 
30 22 3 28 31 33 
31 55 2 30 32 
32 8 1 31 
33 55 2 30 34 
34 8 5 6 27 33 35 48 
35 55 5 8 24 34 36 49 
36 20 3 35 37 38 
37 20 1 36 
38 1 5 2 8 24 36 39 
39 8 2 27 38 
40 37 2 27 41 
41 15 3 40 42 43 
42 15 1 41 
43 15 2 41 44 
44 4 5 25 43 45 47 48 
45 15 3 44 46 47 
46 15 2 45 47 
47 15 4 44 45 46 48 
48 20 6 8 21 34 44 47 49 
49 22 3 27 35 48 
t 98 50 160
0 8 1 1 
1 20 15 0 2 3 33 34 35 36 37 38 39 40 41 42 43 44 
2 16 1 1 
3 55 4 1 4 11 24 
4 55 5 3 5 21 25 29 
5 15 2 4 6 
6 15 6 5 7 22 24 27 29 
7 1 3 6 8 23 
8 17 2 7 9 
9 1 4 8 10 25 28 
10 22 4 9 11 22 25 
11 1 5 3 10 12 25 31 
12 15 2 11 13 
13 6 4 12 14 31 32 
14 20 2 13 15 
15 22 2 14 16 
16 20 3 15 17 19 
17 15 4 16 18 29 33 
18 6 2 17 19 
19 15 4 16 18 20 22 
20 55 2 19 21 
21 63 6 4 20 22 24 27 29 
22 15 6 6 10 19 21 23 25 
23 5 4 7 22 24 27 
24 1 5 3 6 21 23 25 
25 15 8 4 9 10 11 22 24 26 27 
26 1 1 25 
27 1 6 6 21 23 25 28 32 
28 5 3 9 27 29 
29 6 7 4 6 17 21 28 30 32 
30 55 2 29 31 
31 3 3 11 13 30 
32 50 3 13 27 29 
33 72 2 1 17 
34 20 1 1 
35 34 1 1 
36 72 1 1 
37 25 1 1 
38 37 1 1 
39 37 1 1 
40 20 1 1 
41 0 1 1 
42 1 1 1 
43 25 1 1 
44 15 6 1 45 46 47 48 49 
45 1 4 44 46 47 48 
46 15 2 44 45 
47 15 2 44 45 
48 15 2 44 45 
49 15 1 44 
t 99 50 162
0 8 1 1 
1 20 2 0 2 
2 20 2 1 3 
3 15 3 2 4 11 
4 15 2 3 5 
5 15 5 4 6 8 21 23 
6 20 3 5 7 8 
7 20 2 6 8 
8 20 4 5 6 7 9 
9 15 4 8 10 37 45 
10 23 4 9 11 16 46 
11 55 6 3 10 12 25 28 47 
12 63 4 11 13 24 40 
13 1 3 12 14 47 
14 72 4 13 15 24 40 
15 1 2 14 16 
16 55 5 10 15 17 19 38 
17 6 3 16 18 19 
18 20 2 17 19 
19 15 7 16 17 18 20 37 39 46 
20 15 2 19 21 
21 57 3 5 20 22 
22 15 2 21 23 
23 15 3 5 22 24 
24 1 6 12 14 23 25 38 47 
25 15 4 11 24 26 28 
26 15 4 25 27 28 29 
27 15 2 26 28 
28 15 4 11 25 26 27 
29 15 2 26 30 
30 1 2 29 31 
31 8 2 30 32 
32 1 2 31 33 
33 1 2 32 34 
34 15 2 33 35 
35 20 4 34 36 39 40 
36 16 2 35 37 
37 15 4 9 19 36 38 
38 63 5 16 24 37 39 40 
39 55 3 19 35 38 
40 55 5 12 14 35 38 41 
41 6 3 40 42 43 
42 23 3 41 43 45 
43 6 4 41 42 44 45 
44 6 2 43 45 
45 6 5 9 42 43 44 46 
46 15 4 10 19 45 47 
47 1 5 11 13 24 46 48 
48 55 2 47 49 
49 61 1 48 
